query_id,query_type,method,selected_method,mrr,recall@1,recall@3,recall@5,first_rank
q00001,2,type_aware,type_aware,1.0,1.0,1.0,1.0,1
q00003,3,type_aware,type_aware,1.0,1.0,1.0,1.0,1
q00004,1,type_aware,type_aware,0.05263157894736842,0.0,0.0,0.0,19
q00005,1,type_aware,type_aware,1.0,1.0,1.0,1.0,1
q00006,2,type_aware,type_aware,1.0,1.0,1.0,1.0,1
q00007,2,type_aware,type_aware,1.0,1.0,1.0,1.0,1
q00008,1,type_aware,type_aware,0.037037037037037035,0.0,0.0,0.0,27
q00009,2,type_aware,type_aware,1.0,1.0,1.0,1.0,1
q00010,2,type_aware,type_aware,1.0,1.0,1.0,1.0,1
q00011,2,type_aware,type_aware,1.0,1.0,1.0,1.0,1
q00012,1,type_aware,type_aware,1.0,1.0,1.0,1.0,1
q00013,2,type_aware,type_aware,1.0,1.0,1.0,1.0,1
q00014,1,type_aware,type_aware,0.5,0.0,1.0,1.0,2
q00015,3,type_aware,type_aware,1.0,1.0,1.0,1.0,1
q00016,1,type_aware,type_aware,0.125,0.0,0.0,0.0,8
q00017,2,type_aware,type_aware,1.0,1.0,1.0,1.0,1
q00018,2,type_aware,type_aware,1.0,1.0,1.0,1.0,1
q00019,1,type_aware,type_aware,0.25,0.0,0.0,1.0,4
q00020,1,type_aware,type_aware,0.5,0.0,1.0,1.0,2
q00021,2,type_aware,type_aware,1.0,1.0,1.0,1.0,1
q00022,2,type_aware,type_aware,1.0,1.0,1.0,1.0,1
q00023,3,type_aware,type_aware,0.5,0.0,1.0,1.0,2
q00024,1,type_aware,type_aware,0.16666666666666666,0.0,0.0,0.0,6
q00025,1,type_aware,type_aware,0.16666666666666666,0.0,0.0,0.0,6
q00026,2,type_aware,type_aware,1.0,1.0,1.0,1.0,1
q00028,3,type_aware,type_aware,0.2,0.0,0.0,1.0,5
q00029,2,type_aware,type_aware,1.0,1.0,1.0,1.0,1
q00030,2,type_aware,type_aware,1.0,1.0,1.0,1.0,1
q00032,2,type_aware,type_aware,0.04,0.0,0.0,0.0,25
q00033,1,type_aware,type_aware,0.25,0.0,0.0,1.0,4
q00034,2,type_aware,type_aware,0.25,0.0,0.0,1.0,4
q00035,1,type_aware,type_aware,0.02631578947368421,0.0,0.0,0.0,38
q00036,2,type_aware,type_aware,0.3333333333333333,0.0,1.0,1.0,3
q00037,2,type_aware,type_aware,1.0,1.0,1.0,1.0,1
q00039,1,type_aware,type_aware,1.0,1.0,1.0,1.0,1
q00040,1,type_aware,type_aware,0.3333333333333333,0.0,1.0,1.0,3
q00041,1,type_aware,type_aware,1.0,1.0,1.0,1.0,1
q00042,2,type_aware,type_aware,1.0,1.0,1.0,1.0,1
q00043,3,type_aware,type_aware,0.3333333333333333,0.0,1.0,1.0,3
q00044,1,type_aware,type_aware,0.2,0.0,0.0,1.0,5
q00045,2,type_aware,type_aware,1.0,1.0,1.0,1.0,1
q00046,2,type_aware,type_aware,1.0,1.0,1.0,1.0,1
q00048,1,type_aware,type_aware,1.0,1.0,1.0,1.0,1
q00049,1,type_aware,type_aware,0.017857142857142856,0.0,0.0,0.0,56
q00050,2,type_aware,type_aware,1.0,1.0,1.0,1.0,1
q00051,3,type_aware,type_aware,0.03333333333333333,0.0,0.0,0.0,30
q00052,1,type_aware,type_aware,1.0,1.0,1.0,1.0,1
q00053,1,type_aware,type_aware,0.2,0.0,0.0,1.0,5
q00054,2,type_aware,type_aware,1.0,1.0,1.0,1.0,1
q00055,2,type_aware,type_aware,1.0,1.0,1.0,1.0,1
q00056,1,type_aware,type_aware,0.3333333333333333,0.0,1.0,1.0,3
q00058,2,type_aware,type_aware,0.5,0.0,1.0,1.0,2
q00059,2,type_aware,type_aware,1.0,1.0,1.0,1.0,1
q00060,3,type_aware,type_aware,1.0,1.0,1.0,1.0,1
q00061,1,type_aware,type_aware,0.5,0.0,1.0,1.0,2
q00062,1,type_aware,type_aware,0.14285714285714285,0.0,0.0,0.0,7
q00063,2,type_aware,type_aware,1.0,1.0,1.0,1.0,1
q00064,2,type_aware,type_aware,1.0,1.0,1.0,1.0,1
q00065,3,type_aware,type_aware,0.03571428571428571,0.0,0.0,0.0,28
q00066,1,type_aware,type_aware,0.5,0.0,1.0,1.0,2
q00067,1,type_aware,type_aware,0.125,0.0,0.0,0.0,8
q00068,2,type_aware,type_aware,1.0,1.0,1.0,1.0,1
q00069,2,type_aware,type_aware,1.0,1.0,1.0,1.0,1
q00070,3,type_aware,type_aware,0.015151515151515152,0.0,0.0,0.0,66
q00071,1,type_aware,type_aware,0.14285714285714285,0.0,0.0,0.0,7
q00072,1,type_aware,type_aware,0.5,0.0,1.0,1.0,2
q00073,2,type_aware,type_aware,0.011627906976744186,0.0,0.0,0.0,86
q00074,2,type_aware,type_aware,0.5,0.0,1.0,1.0,2
q00075,2,type_aware,type_aware,1.0,1.0,1.0,1.0,1
q00076,1,type_aware,type_aware,0.5,0.0,1.0,1.0,2
q00077,1,type_aware,type_aware,0.125,0.0,0.0,0.0,8
q00078,3,type_aware,type_aware,1.0,1.0,1.0,1.0,1
q00079,1,type_aware,type_aware,1.0,1.0,1.0,1.0,1
q00080,2,type_aware,type_aware,1.0,1.0,1.0,1.0,1
q00081,2,type_aware,type_aware,1.0,1.0,1.0,1.0,1
q00082,3,type_aware,type_aware,0.3333333333333333,0.0,1.0,1.0,3
q00084,4,type_aware,type_aware,0.3333333333333333,0.0,1.0,1.0,3
q00085,4,type_aware,type_aware,0.5,0.0,1.0,1.0,2
q00086,4,type_aware,type_aware,0.0196078431372549,0.0,0.0,0.0,51
q00087,4,type_aware,type_aware,1.0,1.0,1.0,1.0,1
q00088,4,type_aware,type_aware,1.0,1.0,1.0,1.0,1
q00089,4,type_aware,type_aware,0.1,0.0,0.0,0.0,10
q00091,4,type_aware,type_aware,1.0,1.0,1.0,1.0,1
q00092,4,type_aware,type_aware,1.0,1.0,1.0,1.0,1
q00093,4,type_aware,type_aware,1.0,1.0,1.0,1.0,1
q00094,4,type_aware,type_aware,1.0,1.0,1.0,1.0,1
q00095,4,type_aware,type_aware,1.0,1.0,1.0,1.0,1
q00096,4,type_aware,type_aware,0.03571428571428571,0.0,0.0,0.0,28
q00097,4,type_aware,type_aware,1.0,1.0,1.0,1.0,1
q00098,4,type_aware,type_aware,1.0,1.0,1.0,1.0,1
q00099,4,type_aware,type_aware,1.0,1.0,1.0,1.0,1
q00100,4,type_aware,type_aware,1.0,1.0,1.0,1.0,1
q00101,4,type_aware,type_aware,1.0,1.0,1.0,1.0,1
q00103,4,type_aware,type_aware,1.0,1.0,1.0,1.0,1
q00104,4,type_aware,type_aware,1.0,1.0,1.0,1.0,1
q00105,4,type_aware,type_aware,0.2,0.0,0.0,1.0,5
q00106,4,type_aware,type_aware,1.0,1.0,1.0,1.0,1
q00107,4,type_aware,type_aware,1.0,1.0,1.0,1.0,1
q00109,4,type_aware,type_aware,1.0,1.0,1.0,1.0,1
q00110,4,type_aware,type_aware,1.0,1.0,1.0,1.0,1
q00113,4,type_aware,type_aware,0.3333333333333333,0.0,1.0,1.0,3
q00114,4,type_aware,type_aware,1.0,1.0,1.0,1.0,1
q00115,4,type_aware,type_aware,0.022727272727272728,0.0,0.0,0.0,44
q00116,4,type_aware,type_aware,1.0,1.0,1.0,1.0,1
q00117,4,type_aware,type_aware,0.14285714285714285,0.0,0.0,0.0,7
q00118,4,type_aware,type_aware,0.5,0.0,1.0,1.0,2
q00119,4,type_aware,type_aware,0.5,0.0,1.0,1.0,2
q00121,4,type_aware,type_aware,1.0,1.0,1.0,1.0,1
q00122,4,type_aware,type_aware,1.0,1.0,1.0,1.0,1
q00123,4,type_aware,type_aware,0.25,0.0,0.0,1.0,4
q00124,4,type_aware,type_aware,0.3333333333333333,0.0,1.0,1.0,3
q00125,4,type_aware,type_aware,0.05,0.0,0.0,0.0,20
q00127,4,type_aware,type_aware,1.0,1.0,1.0,1.0,1
q00128,4,type_aware,type_aware,1.0,1.0,1.0,1.0,1
q00129,4,type_aware,type_aware,1.0,1.0,1.0,1.0,1
q00130,4,type_aware,type_aware,1.0,1.0,1.0,1.0,1
q00131,4,type_aware,type_aware,1.0,1.0,1.0,1.0,1
q00132,4,type_aware,type_aware,1.0,1.0,1.0,1.0,1
q00133,4,type_aware,type_aware,0.09090909090909091,0.0,0.0,0.0,11
q00134,4,type_aware,type_aware,1.0,1.0,1.0,1.0,1
q00135,4,type_aware,type_aware,0.1,0.0,0.0,0.0,10
q00136,4,type_aware,type_aware,0.5,0.0,1.0,1.0,2
q00137,4,type_aware,type_aware,0.14285714285714285,0.0,0.0,0.0,7
q00138,4,type_aware,type_aware,0.05555555555555555,0.0,0.0,0.0,18
q00141,4,type_aware,type_aware,1.0,1.0,1.0,1.0,1
q00142,4,type_aware,type_aware,0.16666666666666666,0.0,0.0,0.0,6
q00144,4,type_aware,type_aware,1.0,1.0,1.0,1.0,1
q00145,4,type_aware,type_aware,0.5,0.0,1.0,1.0,2
q00146,4,type_aware,type_aware,0.14285714285714285,0.0,0.0,0.0,7
q00147,4,type_aware,type_aware,1.0,1.0,1.0,1.0,1
q00148,4,type_aware,type_aware,0.05263157894736842,0.0,0.0,0.0,19
q00149,4,type_aware,type_aware,1.0,1.0,1.0,1.0,1
q00151,4,type_aware,type_aware,0.3333333333333333,0.0,1.0,1.0,3
q00152,4,type_aware,type_aware,0.05263157894736842,0.0,0.0,0.0,19
q00153,5,type_aware,type_aware,0.008620689655172414,0.0,0.0,0.0,116
q00154,5,type_aware,type_aware,0.02040816326530612,0.0,0.0,0.0,49
q00155,5,type_aware,type_aware,0.3333333333333333,0.0,1.0,1.0,3
q00156,5,type_aware,type_aware,0.3333333333333333,0.0,1.0,1.0,3
q00157,5,type_aware,type_aware,0.010526315789473684,0.0,0.0,0.0,95
q00158,5,type_aware,type_aware,1.0,1.0,1.0,1.0,1
q00159,5,type_aware,type_aware,1.0,1.0,1.0,1.0,1
q00160,5,type_aware,type_aware,0.1,0.0,0.0,0.0,10
q00161,5,type_aware,type_aware,1.0,1.0,1.0,1.0,1
q00162,5,type_aware,type_aware,1.0,1.0,1.0,1.0,1
q00163,5,type_aware,type_aware,0.0044444444444444444,0.0,0.0,0.0,225
q00164,5,type_aware,type_aware,1.0,1.0,1.0,1.0,1
q00165,5,type_aware,type_aware,1.0,1.0,1.0,1.0,1
q00166,5,type_aware,type_aware,1.0,1.0,1.0,1.0,1
q00167,5,type_aware,type_aware,0.1,0.0,0.0,0.0,10
q00169,5,type_aware,type_aware,0.5,0.0,1.0,1.0,2
q00171,5,type_aware,type_aware,0.125,0.0,0.0,0.0,8
q00172,5,type_aware,type_aware,1.0,1.0,1.0,1.0,1
q00173,5,type_aware,type_aware,0.011627906976744186,0.0,0.0,0.0,86
q00174,5,type_aware,type_aware,0.1111111111111111,0.0,0.0,0.0,9
q00175,5,type_aware,type_aware,0.5,0.0,1.0,1.0,2
q00176,5,type_aware,type_aware,0.3333333333333333,0.0,1.0,1.0,3
q00178,5,type_aware,type_aware,0.07142857142857142,0.0,0.0,0.0,14
q00179,5,type_aware,type_aware,1.0,1.0,1.0,1.0,1
q00181,5,type_aware,type_aware,0.2,0.0,0.0,1.0,5
q00182,5,type_aware,type_aware,0.3333333333333333,0.0,1.0,1.0,3
q00183,5,type_aware,type_aware,0.041666666666666664,0.0,0.0,0.0,24
q00184,5,type_aware,type_aware,0.025,0.0,0.0,0.0,40
q00185,5,type_aware,type_aware,0.0064516129032258064,0.0,0.0,0.0,155
q00186,5,type_aware,type_aware,0.16666666666666666,0.0,0.0,0.0,6
q00187,5,type_aware,type_aware,0.05,0.0,0.0,0.0,20
q00188,5,type_aware,type_aware,1.0,1.0,1.0,1.0,1
q00189,5,type_aware,type_aware,0.023255813953488372,0.0,0.0,0.0,43
q00190,5,type_aware,type_aware,0.25,0.0,0.0,1.0,4
q00192,5,type_aware,type_aware,1.0,1.0,1.0,1.0,1
q00193,5,type_aware,type_aware,0.25,0.0,0.0,1.0,4
q00194,5,type_aware,type_aware,0.009523809523809525,0.0,0.0,0.0,105
q00195,5,type_aware,type_aware,0.5,0.0,1.0,1.0,2
q00196,5,type_aware,type_aware,0.0040650406504065045,0.0,0.0,0.0,246
q00197,5,type_aware,type_aware,1.0,1.0,1.0,1.0,1
q00198,5,type_aware,type_aware,0.004830917874396135,0.0,0.0,0.0,207
q00199,5,type_aware,type_aware,0.3333333333333333,0.0,1.0,1.0,3
q00200,2,type_aware,type_aware,1.0,1.0,1.0,1.0,1
q00201,2,type_aware,type_aware,0.5,0.0,1.0,1.0,2
q00202,4,type_aware,type_aware,0.00684931506849315,0.0,0.0,0.0,146
q00203,1,type_aware,type_aware,0.05555555555555555,0.0,0.0,0.0,18
q00204,4,type_aware,type_aware,0.2,0.0,0.0,1.0,5
q00205,1,type_aware,type_aware,0.1111111111111111,0.0,0.0,0.0,9
q00206,2,type_aware,type_aware,1.0,1.0,1.0,1.0,1
q00207,2,type_aware,type_aware,1.0,1.0,1.0,1.0,1
q00208,2,type_aware,type_aware,1.0,1.0,1.0,1.0,1
q00209,1,type_aware,type_aware,0.0019193857965451055,0.0,0.0,0.0,521
q00210,2,type_aware,type_aware,1.0,1.0,1.0,1.0,1
q00211,2,type_aware,type_aware,0.5,0.0,1.0,1.0,2
q00212,2,type_aware,type_aware,1.0,1.0,1.0,1.0,1
q00213,2,type_aware,type_aware,0.5,0.0,1.0,1.0,2
q00214,2,type_aware,type_aware,1.0,1.0,1.0,1.0,1
q00215,2,type_aware,type_aware,0.3333333333333333,0.0,1.0,1.0,3
q00216,2,type_aware,type_aware,0.3333333333333333,0.0,1.0,1.0,3
q00217,1,type_aware,type_aware,0.05,0.0,0.0,0.0,20
q00218,1,type_aware,type_aware,0.02857142857142857,0.0,0.0,0.0,35
q00219,2,type_aware,type_aware,0.5,0.0,1.0,1.0,2
q00220,2,type_aware,type_aware,0.3333333333333333,0.0,1.0,1.0,3
q00221,2,type_aware,type_aware,1.0,1.0,1.0,1.0,1
q00222,2,type_aware,type_aware,1.0,1.0,1.0,1.0,1
q00223,1,type_aware,type_aware,0.09090909090909091,0.0,0.0,0.0,11
q00224,1,type_aware,type_aware,0.3333333333333333,0.0,1.0,1.0,3
q00225,1,type_aware,type_aware,0.07692307692307693,0.0,0.0,0.0,13
q00226,2,type_aware,type_aware,0.08333333333333333,0.0,0.0,0.0,12
q00227,1,type_aware,type_aware,0.047619047619047616,0.0,0.0,0.0,21
q00228,2,type_aware,type_aware,1.0,1.0,1.0,1.0,1
q00229,1,type_aware,type_aware,1.0,1.0,1.0,1.0,1
q00230,2,type_aware,type_aware,0.06666666666666667,0.0,0.0,0.0,15
q00231,1,type_aware,type_aware,0.1,0.0,0.0,0.0,10
q00232,2,type_aware,type_aware,1.0,1.0,1.0,1.0,1
q00233,2,type_aware,type_aware,1.0,1.0,1.0,1.0,1
q00234,2,type_aware,type_aware,1.0,1.0,1.0,1.0,1
q00235,2,type_aware,type_aware,1.0,1.0,1.0,1.0,1
q00236,2,type_aware,type_aware,1.0,1.0,1.0,1.0,1
q00238,2,type_aware,type_aware,1.0,1.0,1.0,1.0,1
q00239,4,type_aware,type_aware,1.0,1.0,1.0,1.0,1
q00240,4,type_aware,type_aware,1.0,1.0,1.0,1.0,1
q00241,4,type_aware,type_aware,0.25,0.0,0.0,1.0,4
q00242,4,type_aware,type_aware,0.5,0.0,1.0,1.0,2
q00244,4,type_aware,type_aware,0.002053388090349076,0.0,0.0,0.0,487
q00246,4,type_aware,type_aware,1.0,1.0,1.0,1.0,1
q00247,4,type_aware,type_aware,0.09090909090909091,0.0,0.0,0.0,11
q00248,4,type_aware,type_aware,0.045454545454545456,0.0,0.0,0.0,22
q00249,4,type_aware,type_aware,1.0,1.0,1.0,1.0,1
q00250,4,type_aware,type_aware,0.16666666666666666,0.0,0.0,0.0,6
q00251,4,type_aware,type_aware,0.1111111111111111,0.0,0.0,0.0,9
q00253,4,type_aware,type_aware,1.0,1.0,1.0,1.0,1
q00254,4,type_aware,type_aware,1.0,1.0,1.0,1.0,1
q00255,4,type_aware,type_aware,1.0,1.0,1.0,1.0,1
q00256,4,type_aware,type_aware,1.0,1.0,1.0,1.0,1
q00258,4,type_aware,type_aware,1.0,1.0,1.0,1.0,1
q00259,4,type_aware,type_aware,0.2,0.0,0.0,1.0,5
q00260,4,type_aware,type_aware,0.0196078431372549,0.0,0.0,0.0,51
q00261,4,type_aware,type_aware,1.0,1.0,1.0,1.0,1
q00262,4,type_aware,type_aware,0.5,0.0,1.0,1.0,2
q00263,4,type_aware,type_aware,1.0,1.0,1.0,1.0,1
q00264,4,type_aware,type_aware,1.0,1.0,1.0,1.0,1
q00265,4,type_aware,type_aware,1.0,1.0,1.0,1.0,1
q00266,4,type_aware,type_aware,0.25,0.0,0.0,1.0,4
q00267,4,type_aware,type_aware,0.07142857142857142,0.0,0.0,0.0,14
q00268,4,type_aware,type_aware,0.09090909090909091,0.0,0.0,0.0,11
q00269,4,type_aware,type_aware,1.0,1.0,1.0,1.0,1
q00270,4,type_aware,type_aware,1.0,1.0,1.0,1.0,1
q00271,4,type_aware,type_aware,1.0,1.0,1.0,1.0,1
q00275,4,type_aware,type_aware,1.0,1.0,1.0,1.0,1
q00277,4,type_aware,type_aware,1.0,1.0,1.0,1.0,1
q00279,5,type_aware,type_aware,1.0,1.0,1.0,1.0,1
q00280,4,type_aware,type_aware,0.14285714285714285,0.0,0.0,0.0,7
q00281,4,type_aware,type_aware,1.0,1.0,1.0,1.0,1
q00282,5,type_aware,type_aware,1.0,1.0,1.0,1.0,1
q00283,5,type_aware,type_aware,0.008695652173913044,0.0,0.0,0.0,115
q00284,5,type_aware,type_aware,0.0625,0.0,0.0,0.0,16
q00286,5,type_aware,type_aware,0.5,0.0,1.0,1.0,2
q00287,5,type_aware,type_aware,0.024390243902439025,0.0,0.0,0.0,41
q00288,5,type_aware,type_aware,0.010309278350515464,0.0,0.0,0.0,97
q00289,5,type_aware,type_aware,1.0,1.0,1.0,1.0,1
q00290,5,type_aware,type_aware,0.016666666666666666,0.0,0.0,0.0,60
q00291,5,type_aware,type_aware,1.0,1.0,1.0,1.0,1
q00292,5,type_aware,type_aware,0.5,0.0,1.0,1.0,2
q00293,5,type_aware,type_aware,1.0,1.0,1.0,1.0,1
q00294,5,type_aware,type_aware,0.010638297872340425,0.0,0.0,0.0,94
q00295,5,type_aware,type_aware,1.0,1.0,1.0,1.0,1
q00296,5,type_aware,type_aware,0.015384615384615385,0.0,0.0,0.0,65
q00297,5,type_aware,type_aware,0.3333333333333333,0.0,1.0,1.0,3
q00298,5,type_aware,type_aware,1.0,1.0,1.0,1.0,1
q00299,5,type_aware,type_aware,0.0125,0.0,0.0,0.0,80
q00300,5,type_aware,type_aware,0.0017825311942959,0.0,0.0,0.0,561
q00301,5,type_aware,type_aware,1.0,1.0,1.0,1.0,1
q00302,5,type_aware,type_aware,1.0,1.0,1.0,1.0,1
q00303,5,type_aware,type_aware,1.0,1.0,1.0,1.0,1
q00304,5,type_aware,type_aware,0.0019880715705765406,0.0,0.0,0.0,503
q00305,2,type_aware,type_aware,0.5,0.0,1.0,1.0,2
q00306,2,type_aware,type_aware,1.0,1.0,1.0,1.0,1
q00307,1,type_aware,type_aware,0.045454545454545456,0.0,0.0,0.0,22
q00308,1,type_aware,type_aware,0.023809523809523808,0.0,0.0,0.0,42
q00309,2,type_aware,type_aware,0.3333333333333333,0.0,1.0,1.0,3
q00310,2,type_aware,type_aware,0.0064516129032258064,0.0,0.0,0.0,155
q00311,1,type_aware,type_aware,1.0,1.0,1.0,1.0,1
q00312,1,type_aware,type_aware,1.0,1.0,1.0,1.0,1
q00313,3,type_aware,type_aware,0.02857142857142857,0.0,0.0,0.0,35
q00314,1,type_aware,type_aware,0.3333333333333333,0.0,1.0,1.0,3
q00315,2,type_aware,type_aware,0.02857142857142857,0.0,0.0,0.0,35
q00316,1,type_aware,type_aware,0.16666666666666666,0.0,0.0,0.0,6
q00317,1,type_aware,type_aware,1.0,1.0,1.0,1.0,1
q00318,2,type_aware,type_aware,1.0,1.0,1.0,1.0,1
q00319,3,type_aware,type_aware,0.013333333333333334,0.0,0.0,0.0,75
q00320,1,type_aware,type_aware,1.0,1.0,1.0,1.0,1
q00322,3,type_aware,type_aware,1.0,1.0,1.0,1.0,1
q00323,1,type_aware,type_aware,1.0,1.0,1.0,1.0,1
q00324,1,type_aware,type_aware,1.0,1.0,1.0,1.0,1
q00325,2,type_aware,type_aware,1.0,1.0,1.0,1.0,1
q00326,1,type_aware,type_aware,1.0,1.0,1.0,1.0,1
q00327,2,type_aware,type_aware,1.0,1.0,1.0,1.0,1
q00328,1,type_aware,type_aware,1.0,1.0,1.0,1.0,1
q00329,2,type_aware,type_aware,1.0,1.0,1.0,1.0,1
q00330,1,type_aware,type_aware,0.5,0.0,1.0,1.0,2
q00331,1,type_aware,type_aware,1.0,1.0,1.0,1.0,1
q00332,2,type_aware,type_aware,1.0,1.0,1.0,1.0,1
q00333,1,type_aware,type_aware,0.3333333333333333,0.0,1.0,1.0,3
q00334,1,type_aware,type_aware,1.0,1.0,1.0,1.0,1
q00335,1,type_aware,type_aware,0.5,0.0,1.0,1.0,2
q00336,2,type_aware,type_aware,0.3333333333333333,0.0,1.0,1.0,3
q00337,1,type_aware,type_aware,0.1111111111111111,0.0,0.0,0.0,9
q00338,1,type_aware,type_aware,1.0,1.0,1.0,1.0,1
q00339,2,type_aware,type_aware,1.0,1.0,1.0,1.0,1
q00340,1,type_aware,type_aware,0.5,0.0,1.0,1.0,2
q00341,1,type_aware,type_aware,1.0,1.0,1.0,1.0,1
q00342,1,type_aware,type_aware,1.0,1.0,1.0,1.0,1
q00345,1,type_aware,type_aware,0.058823529411764705,0.0,0.0,0.0,17
q00347,1,type_aware,type_aware,1.0,1.0,1.0,1.0,1
q00348,2,type_aware,type_aware,1.0,1.0,1.0,1.0,1
q00349,1,type_aware,type_aware,0.3333333333333333,0.0,1.0,1.0,3
q00350,3,type_aware,type_aware,0.09090909090909091,0.0,0.0,0.0,11
q00351,2,type_aware,type_aware,1.0,1.0,1.0,1.0,1
q00352,1,type_aware,type_aware,0.5,0.0,1.0,1.0,2
q00353,2,type_aware,type_aware,1.0,1.0,1.0,1.0,1
q00354,1,type_aware,type_aware,1.0,1.0,1.0,1.0,1
q00355,3,type_aware,type_aware,0.07142857142857142,0.0,0.0,0.0,14
q00356,2,type_aware,type_aware,0.5,0.0,1.0,1.0,2
q00357,1,type_aware,type_aware,1.0,1.0,1.0,1.0,1
q00358,2,type_aware,type_aware,1.0,1.0,1.0,1.0,1
q00359,2,type_aware,type_aware,1.0,1.0,1.0,1.0,1
q00360,2,type_aware,type_aware,1.0,1.0,1.0,1.0,1
q00361,2,type_aware,type_aware,1.0,1.0,1.0,1.0,1
q00362,1,type_aware,type_aware,0.16666666666666666,0.0,0.0,0.0,6
q00363,2,type_aware,type_aware,1.0,1.0,1.0,1.0,1
q00364,2,type_aware,type_aware,1.0,1.0,1.0,1.0,1
q00365,1,type_aware,type_aware,0.14285714285714285,0.0,0.0,0.0,7
q00367,1,type_aware,type_aware,0.03125,0.0,0.0,0.0,32
q00368,2,type_aware,type_aware,1.0,1.0,1.0,1.0,1
q00369,3,type_aware,type_aware,0.05555555555555555,0.0,0.0,0.0,18
q00370,4,type_aware,type_aware,1.0,1.0,1.0,1.0,1
q00371,4,type_aware,type_aware,0.25,0.0,0.0,1.0,4
q00372,4,type_aware,type_aware,1.0,1.0,1.0,1.0,1
q00373,4,type_aware,type_aware,0.5,0.0,1.0,1.0,2
q00374,4,type_aware,type_aware,1.0,1.0,1.0,1.0,1
q00375,4,type_aware,type_aware,0.5,0.0,1.0,1.0,2
q00376,4,type_aware,type_aware,0.5,0.0,1.0,1.0,2
q00377,4,type_aware,type_aware,0.015873015873015872,0.0,0.0,0.0,63
q00378,4,type_aware,type_aware,1.0,1.0,1.0,1.0,1
q00379,4,type_aware,type_aware,0.5,0.0,1.0,1.0,2
q00380,4,type_aware,type_aware,1.0,1.0,1.0,1.0,1
q00381,4,type_aware,type_aware,0.5,0.0,1.0,1.0,2
q00382,4,type_aware,type_aware,1.0,1.0,1.0,1.0,1
q00383,4,type_aware,type_aware,1.0,1.0,1.0,1.0,1
q00384,4,type_aware,type_aware,1.0,1.0,1.0,1.0,1
q00385,4,type_aware,type_aware,1.0,1.0,1.0,1.0,1
q00386,4,type_aware,type_aware,0.2,0.0,0.0,1.0,5
q00388,4,type_aware,type_aware,1.0,1.0,1.0,1.0,1
q00389,4,type_aware,type_aware,0.25,0.0,0.0,1.0,4
q00390,4,type_aware,type_aware,1.0,1.0,1.0,1.0,1
q00391,4,type_aware,type_aware,1.0,1.0,1.0,1.0,1
q00392,4,type_aware,type_aware,1.0,1.0,1.0,1.0,1
q00393,4,type_aware,type_aware,1.0,1.0,1.0,1.0,1
q00394,4,type_aware,type_aware,0.5,0.0,1.0,1.0,2
q00395,4,type_aware,type_aware,0.25,0.0,0.0,1.0,4
q00396,2,type_aware,type_aware,1.0,1.0,1.0,1.0,1
q00397,4,type_aware,type_aware,0.5,0.0,1.0,1.0,2
q00399,4,type_aware,type_aware,0.029411764705882353,0.0,0.0,0.0,34
q00400,4,type_aware,type_aware,1.0,1.0,1.0,1.0,1
q00401,4,type_aware,type_aware,1.0,1.0,1.0,1.0,1
q00402,4,type_aware,type_aware,1.0,1.0,1.0,1.0,1
q00403,4,type_aware,type_aware,0.16666666666666666,0.0,0.0,0.0,6
q00404,4,type_aware,type_aware,1.0,1.0,1.0,1.0,1
q00405,4,type_aware,type_aware,1.0,1.0,1.0,1.0,1
q00406,4,type_aware,type_aware,1.0,1.0,1.0,1.0,1
q00407,4,type_aware,type_aware,0.04,0.0,0.0,0.0,25
q00408,4,type_aware,type_aware,0.3333333333333333,0.0,1.0,1.0,3
q00409,4,type_aware,type_aware,1.0,1.0,1.0,1.0,1
q00410,4,type_aware,type_aware,0.07692307692307693,0.0,0.0,0.0,13
q00411,4,type_aware,type_aware,1.0,1.0,1.0,1.0,1
q00412,4,type_aware,type_aware,0.05263157894736842,0.0,0.0,0.0,19
q00414,4,type_aware,type_aware,1.0,1.0,1.0,1.0,1
q00415,4,type_aware,type_aware,0.02,0.0,0.0,0.0,50
q00416,4,type_aware,type_aware,1.0,1.0,1.0,1.0,1
q00417,4,type_aware,type_aware,1.0,1.0,1.0,1.0,1
q00418,4,type_aware,type_aware,0.3333333333333333,0.0,1.0,1.0,3
q00419,4,type_aware,type_aware,0.01694915254237288,0.0,0.0,0.0,59
q00420,4,type_aware,type_aware,0.5,0.0,1.0,1.0,2
q00421,4,type_aware,type_aware,1.0,1.0,1.0,1.0,1
q00422,4,type_aware,type_aware,1.0,1.0,1.0,1.0,1
q00423,4,type_aware,type_aware,0.125,0.0,0.0,0.0,8
q00424,4,type_aware,type_aware,0.014285714285714285,0.0,0.0,0.0,70
q00425,4,type_aware,type_aware,0.5,0.0,1.0,1.0,2
q00426,4,type_aware,type_aware,1.0,1.0,1.0,1.0,1
q00427,4,type_aware,type_aware,0.0018726591760299626,0.0,0.0,0.0,534
q00428,4,type_aware,type_aware,0.058823529411764705,0.0,0.0,0.0,17
q00429,4,type_aware,type_aware,0.25,0.0,0.0,1.0,4
q00430,4,type_aware,type_aware,1.0,1.0,1.0,1.0,1
q00431,4,type_aware,type_aware,1.0,1.0,1.0,1.0,1
q00432,4,type_aware,type_aware,1.0,1.0,1.0,1.0,1
q00433,4,type_aware,type_aware,0.25,0.0,0.0,1.0,4
q00434,4,type_aware,type_aware,0.2,0.0,0.0,1.0,5
q00435,4,type_aware,type_aware,1.0,1.0,1.0,1.0,1
q00436,4,type_aware,type_aware,0.038461538461538464,0.0,0.0,0.0,26
q00437,4,type_aware,type_aware,0.14285714285714285,0.0,0.0,0.0,7
q00438,4,type_aware,type_aware,0.5,0.0,1.0,1.0,2
q00439,4,type_aware,type_aware,0.5,0.0,1.0,1.0,2
q00441,4,type_aware,type_aware,0.5,0.0,1.0,1.0,2
q00442,4,type_aware,type_aware,0.25,0.0,0.0,1.0,4
q00443,4,type_aware,type_aware,1.0,1.0,1.0,1.0,1
q00444,4,type_aware,type_aware,1.0,1.0,1.0,1.0,1
q00445,4,type_aware,type_aware,1.0,1.0,1.0,1.0,1
q00446,4,type_aware,type_aware,1.0,1.0,1.0,1.0,1
q00447,4,type_aware,type_aware,0.125,0.0,0.0,0.0,8
q00448,4,type_aware,type_aware,1.0,1.0,1.0,1.0,1
q00449,4,type_aware,type_aware,1.0,1.0,1.0,1.0,1
q00450,4,type_aware,type_aware,1.0,1.0,1.0,1.0,1
q00451,4,type_aware,type_aware,0.3333333333333333,0.0,1.0,1.0,3
q00457,5,type_aware,type_aware,0.5,0.0,1.0,1.0,2
q00458,5,type_aware,type_aware,0.08333333333333333,0.0,0.0,0.0,12
q00459,5,type_aware,type_aware,0.25,0.0,0.0,1.0,4
q00460,5,type_aware,type_aware,0.5,0.0,1.0,1.0,2
q00461,5,type_aware,type_aware,1.0,1.0,1.0,1.0,1
q00462,5,type_aware,type_aware,0.3333333333333333,0.0,1.0,1.0,3
q00463,5,type_aware,type_aware,1.0,1.0,1.0,1.0,1
q00464,5,type_aware,type_aware,1.0,1.0,1.0,1.0,1
q00465,5,type_aware,type_aware,0.002702702702702703,0.0,0.0,0.0,370
q00467,5,type_aware,type_aware,1.0,1.0,1.0,1.0,1
q00468,5,type_aware,type_aware,0.2,0.0,0.0,1.0,5
q00469,5,type_aware,type_aware,0.03333333333333333,0.0,0.0,0.0,30
q00470,5,type_aware,type_aware,0.009708737864077669,0.0,0.0,0.0,103
q00472,5,type_aware,type_aware,0.02040816326530612,0.0,0.0,0.0,49
q00473,5,type_aware,type_aware,1.0,1.0,1.0,1.0,1
q00474,5,type_aware,type_aware,1.0,1.0,1.0,1.0,1
q00475,5,type_aware,type_aware,0.5,0.0,1.0,1.0,2
q00476,5,type_aware,type_aware,0.003125,0.0,0.0,0.0,320
q00477,5,type_aware,type_aware,1.0,1.0,1.0,1.0,1
q00479,5,type_aware,type_aware,1.0,1.0,1.0,1.0,1
q00480,5,type_aware,type_aware,0.5,0.0,1.0,1.0,2
q00481,5,type_aware,type_aware,0.08333333333333333,0.0,0.0,0.0,12
q00482,5,type_aware,type_aware,1.0,1.0,1.0,1.0,1
q00483,5,type_aware,type_aware,1.0,1.0,1.0,1.0,1
q00484,5,type_aware,type_aware,1.0,1.0,1.0,1.0,1
q00485,5,type_aware,type_aware,1.0,1.0,1.0,1.0,1
q00486,5,type_aware,type_aware,0.007518796992481203,0.0,0.0,0.0,133
q00487,5,type_aware,type_aware,1.0,1.0,1.0,1.0,1
q00488,5,type_aware,type_aware,1.0,1.0,1.0,1.0,1
q00490,5,type_aware,type_aware,0.008928571428571428,0.0,0.0,0.0,112
q00491,5,type_aware,type_aware,0.3333333333333333,0.0,1.0,1.0,3
q00492,5,type_aware,type_aware,1.0,1.0,1.0,1.0,1
q00493,5,type_aware,type_aware,0.0625,0.0,0.0,0.0,16
q00494,5,type_aware,type_aware,1.0,1.0,1.0,1.0,1
q00495,5,type_aware,type_aware,0.5,0.0,1.0,1.0,2
q00498,3,type_aware,type_aware,0.0047169811320754715,0.0,0.0,0.0,212
q00499,1,type_aware,type_aware,0.020833333333333332,0.0,0.0,0.0,48
q00500,2,type_aware,type_aware,0.5,0.0,1.0,1.0,2
q00501,2,type_aware,type_aware,1.0,1.0,1.0,1.0,1
q00502,3,type_aware,type_aware,0.038461538461538464,0.0,0.0,0.0,26
q00503,1,type_aware,type_aware,0.14285714285714285,0.0,0.0,0.0,7
q00504,2,type_aware,type_aware,0.5,0.0,1.0,1.0,2
q00505,2,type_aware,type_aware,1.0,1.0,1.0,1.0,1
q00506,2,type_aware,type_aware,0.1111111111111111,0.0,0.0,0.0,9
q00507,2,type_aware,type_aware,0.020833333333333332,0.0,0.0,0.0,48
q00508,1,type_aware,type_aware,0.5,0.0,1.0,1.0,2
q00509,1,type_aware,type_aware,0.5,0.0,1.0,1.0,2
q00510,3,type_aware,type_aware,1.0,1.0,1.0,1.0,1
q00511,2,type_aware,type_aware,1.0,1.0,1.0,1.0,1
q00512,3,type_aware,type_aware,0.012987012987012988,0.0,0.0,0.0,77
q00513,2,type_aware,type_aware,1.0,1.0,1.0,1.0,1
q00514,2,type_aware,type_aware,0.16666666666666666,0.0,0.0,0.0,6
q00515,2,type_aware,type_aware,0.022727272727272728,0.0,0.0,0.0,44
q00516,2,type_aware,type_aware,0.09090909090909091,0.0,0.0,0.0,11
q00517,1,type_aware,type_aware,1.0,1.0,1.0,1.0,1
q00518,2,type_aware,type_aware,0.5,0.0,1.0,1.0,2
q00519,2,type_aware,type_aware,0.125,0.0,0.0,0.0,8
q00520,2,type_aware,type_aware,0.2,0.0,0.0,1.0,5
q00521,1,type_aware,type_aware,1.0,1.0,1.0,1.0,1
q00522,2,type_aware,type_aware,0.5,0.0,1.0,1.0,2
q00523,2,type_aware,type_aware,0.16666666666666666,0.0,0.0,0.0,6
q00524,2,type_aware,type_aware,0.0625,0.0,0.0,0.0,16
q00525,1,type_aware,type_aware,1.0,1.0,1.0,1.0,1
q00526,2,type_aware,type_aware,1.0,1.0,1.0,1.0,1
q00527,2,type_aware,type_aware,1.0,1.0,1.0,1.0,1
q00528,1,type_aware,type_aware,0.125,0.0,0.0,0.0,8
q00529,2,type_aware,type_aware,1.0,1.0,1.0,1.0,1
q00530,2,type_aware,type_aware,0.25,0.0,0.0,1.0,4
q00531,2,type_aware,type_aware,1.0,1.0,1.0,1.0,1
q00532,1,type_aware,type_aware,0.09090909090909091,0.0,0.0,0.0,11
q00533,2,type_aware,type_aware,1.0,1.0,1.0,1.0,1
q00534,2,type_aware,type_aware,1.0,1.0,1.0,1.0,1
q00535,2,type_aware,type_aware,1.0,1.0,1.0,1.0,1
q00536,2,type_aware,type_aware,1.0,1.0,1.0,1.0,1
q00537,2,type_aware,type_aware,1.0,1.0,1.0,1.0,1
q00538,2,type_aware,type_aware,1.0,1.0,1.0,1.0,1
q00539,2,type_aware,type_aware,0.07692307692307693,0.0,0.0,0.0,13
q00540,1,type_aware,type_aware,0.024390243902439025,0.0,0.0,0.0,41
q00541,2,type_aware,type_aware,1.0,1.0,1.0,1.0,1
q00542,2,type_aware,type_aware,1.0,1.0,1.0,1.0,1
q00543,2,type_aware,type_aware,0.5,0.0,1.0,1.0,2
q00544,1,type_aware,type_aware,1.0,1.0,1.0,1.0,1
q00545,1,type_aware,type_aware,1.0,1.0,1.0,1.0,1
q00546,2,type_aware,type_aware,1.0,1.0,1.0,1.0,1
q00547,1,type_aware,type_aware,0.3333333333333333,0.0,1.0,1.0,3
q00548,1,type_aware,type_aware,1.0,1.0,1.0,1.0,1
q00549,1,type_aware,type_aware,0.09090909090909091,0.0,0.0,0.0,11
q00550,1,type_aware,type_aware,0.5,0.0,1.0,1.0,2
q00551,1,type_aware,type_aware,1.0,1.0,1.0,1.0,1
q00553,1,type_aware,type_aware,0.14285714285714285,0.0,0.0,0.0,7
q00554,1,type_aware,type_aware,0.04,0.0,0.0,0.0,25
q00555,2,type_aware,type_aware,0.16666666666666666,0.0,0.0,0.0,6
q00556,1,type_aware,type_aware,0.09090909090909091,0.0,0.0,0.0,11
q00557,1,type_aware,type_aware,1.0,1.0,1.0,1.0,1
q00558,3,type_aware,type_aware,0.018867924528301886,0.0,0.0,0.0,53
q00559,1,type_aware,type_aware,0.14285714285714285,0.0,0.0,0.0,7
q00560,1,type_aware,type_aware,0.3333333333333333,0.0,1.0,1.0,3
q00561,1,type_aware,type_aware,0.07142857142857142,0.0,0.0,0.0,14
q00562,2,type_aware,type_aware,1.0,1.0,1.0,1.0,1
q00563,2,type_aware,type_aware,0.3333333333333333,0.0,1.0,1.0,3
q00564,3,type_aware,type_aware,0.016129032258064516,0.0,0.0,0.0,62
q00565,1,type_aware,type_aware,0.07142857142857142,0.0,0.0,0.0,14
q00566,3,type_aware,type_aware,0.05555555555555555,0.0,0.0,0.0,18
q00567,1,type_aware,type_aware,0.058823529411764705,0.0,0.0,0.0,17
q00568,1,type_aware,type_aware,0.25,0.0,0.0,1.0,4
q00569,1,type_aware,type_aware,0.038461538461538464,0.0,0.0,0.0,26
q00570,2,type_aware,type_aware,1.0,1.0,1.0,1.0,1
q00571,3,type_aware,type_aware,1.0,1.0,1.0,1.0,1
q00572,1,type_aware,type_aware,0.05263157894736842,0.0,0.0,0.0,19
q00573,1,type_aware,type_aware,0.2,0.0,0.0,1.0,5
q00574,1,type_aware,type_aware,1.0,1.0,1.0,1.0,1
q00575,2,type_aware,type_aware,1.0,1.0,1.0,1.0,1
q00576,1,type_aware,type_aware,1.0,1.0,1.0,1.0,1
q00577,1,type_aware,type_aware,0.5,0.0,1.0,1.0,2
q00578,1,type_aware,type_aware,0.5,0.0,1.0,1.0,2
q00579,1,type_aware,type_aware,1.0,1.0,1.0,1.0,1
q00580,1,type_aware,type_aware,0.1,0.0,0.0,0.0,10
q00581,1,type_aware,type_aware,0.2,0.0,0.0,1.0,5
q00582,3,type_aware,type_aware,0.00819672131147541,0.0,0.0,0.0,122
q00583,3,type_aware,type_aware,0.3333333333333333,0.0,1.0,1.0,3
q00584,2,type_aware,type_aware,1.0,1.0,1.0,1.0,1
q00585,3,type_aware,type_aware,0.02040816326530612,0.0,0.0,0.0,49
q00586,4,type_aware,type_aware,0.16666666666666666,0.0,0.0,0.0,6
q00587,4,type_aware,type_aware,0.5,0.0,1.0,1.0,2
q00588,4,type_aware,type_aware,1.0,1.0,1.0,1.0,1
q00589,4,type_aware,type_aware,0.3333333333333333,0.0,1.0,1.0,3
q00591,4,type_aware,type_aware,1.0,1.0,1.0,1.0,1
q00592,4,type_aware,type_aware,1.0,1.0,1.0,1.0,1
q00593,4,type_aware,type_aware,0.030303030303030304,0.0,0.0,0.0,33
q00594,4,type_aware,type_aware,0.5,0.0,1.0,1.0,2
q00595,4,type_aware,type_aware,0.5,0.0,1.0,1.0,2
q00596,4,type_aware,type_aware,1.0,1.0,1.0,1.0,1
q00597,4,type_aware,type_aware,0.07692307692307693,0.0,0.0,0.0,13
q00598,4,type_aware,type_aware,0.5,0.0,1.0,1.0,2
q00599,4,type_aware,type_aware,0.2,0.0,0.0,1.0,5
q00600,4,type_aware,type_aware,1.0,1.0,1.0,1.0,1
q00601,4,type_aware,type_aware,0.03125,0.0,0.0,0.0,32
q00602,4,type_aware,type_aware,1.0,1.0,1.0,1.0,1
q00603,4,type_aware,type_aware,1.0,1.0,1.0,1.0,1
q00604,4,type_aware,type_aware,1.0,1.0,1.0,1.0,1
q00605,4,type_aware,type_aware,0.25,0.0,0.0,1.0,4
q00607,4,type_aware,type_aware,1.0,1.0,1.0,1.0,1
q00608,4,type_aware,type_aware,1.0,1.0,1.0,1.0,1
q00609,4,type_aware,type_aware,0.1,0.0,0.0,0.0,10
q00610,4,type_aware,type_aware,1.0,1.0,1.0,1.0,1
q00611,4,type_aware,type_aware,0.5,0.0,1.0,1.0,2
q00612,4,type_aware,type_aware,0.1,0.0,0.0,0.0,10
q00613,4,type_aware,type_aware,1.0,1.0,1.0,1.0,1
q00614,4,type_aware,type_aware,0.1,0.0,0.0,0.0,10
q00615,4,type_aware,type_aware,1.0,1.0,1.0,1.0,1
q00616,4,type_aware,type_aware,1.0,1.0,1.0,1.0,1
q00617,4,type_aware,type_aware,0.007692307692307693,0.0,0.0,0.0,130
q00618,4,type_aware,type_aware,0.2,0.0,0.0,1.0,5
q00619,4,type_aware,type_aware,1.0,1.0,1.0,1.0,1
q00620,4,type_aware,type_aware,0.07142857142857142,0.0,0.0,0.0,14
q00621,4,type_aware,type_aware,0.5,0.0,1.0,1.0,2
q00622,4,type_aware,type_aware,1.0,1.0,1.0,1.0,1
q00623,4,type_aware,type_aware,0.3333333333333333,0.0,1.0,1.0,3
q00624,4,type_aware,type_aware,1.0,1.0,1.0,1.0,1
q00625,4,type_aware,type_aware,1.0,1.0,1.0,1.0,1
q00626,4,type_aware,type_aware,1.0,1.0,1.0,1.0,1
q00627,4,type_aware,type_aware,1.0,1.0,1.0,1.0,1
q00628,4,type_aware,type_aware,1.0,1.0,1.0,1.0,1
q00629,4,type_aware,type_aware,1.0,1.0,1.0,1.0,1
q00630,4,type_aware,type_aware,1.0,1.0,1.0,1.0,1
q00631,4,type_aware,type_aware,0.25,0.0,0.0,1.0,4
q00632,4,type_aware,type_aware,0.3333333333333333,0.0,1.0,1.0,3
q00633,4,type_aware,type_aware,0.03225806451612903,0.0,0.0,0.0,31
q00634,4,type_aware,type_aware,1.0,1.0,1.0,1.0,1
q00635,4,type_aware,type_aware,1.0,1.0,1.0,1.0,1
q00636,4,type_aware,type_aware,0.5,0.0,1.0,1.0,2
q00637,4,type_aware,type_aware,1.0,1.0,1.0,1.0,1
q00638,4,type_aware,type_aware,0.3333333333333333,0.0,1.0,1.0,3
q00639,4,type_aware,type_aware,0.07692307692307693,0.0,0.0,0.0,13
q00640,4,type_aware,type_aware,1.0,1.0,1.0,1.0,1
q00641,4,type_aware,type_aware,1.0,1.0,1.0,1.0,1
q00643,4,type_aware,type_aware,1.0,1.0,1.0,1.0,1
q00645,4,type_aware,type_aware,0.08333333333333333,0.0,0.0,0.0,12
q00646,4,type_aware,type_aware,0.5,0.0,1.0,1.0,2
q00647,4,type_aware,type_aware,1.0,1.0,1.0,1.0,1
q00649,4,type_aware,type_aware,0.012195121951219513,0.0,0.0,0.0,82
q00650,4,type_aware,type_aware,0.5,0.0,1.0,1.0,2
q00651,4,type_aware,type_aware,1.0,1.0,1.0,1.0,1
q00652,4,type_aware,type_aware,1.0,1.0,1.0,1.0,1
q00653,4,type_aware,type_aware,1.0,1.0,1.0,1.0,1
q00655,4,type_aware,type_aware,1.0,1.0,1.0,1.0,1
q00656,4,type_aware,type_aware,0.029411764705882353,0.0,0.0,0.0,34
q00657,4,type_aware,type_aware,1.0,1.0,1.0,1.0,1
q00658,4,type_aware,type_aware,0.5,0.0,1.0,1.0,2
q00659,4,type_aware,type_aware,1.0,1.0,1.0,1.0,1
q00660,4,type_aware,type_aware,0.0625,0.0,0.0,0.0,16
q00661,4,type_aware,type_aware,1.0,1.0,1.0,1.0,1
q00662,4,type_aware,type_aware,1.0,1.0,1.0,1.0,1
q00664,4,type_aware,type_aware,1.0,1.0,1.0,1.0,1
q00665,4,type_aware,type_aware,1.0,1.0,1.0,1.0,1
q00667,4,type_aware,type_aware,0.5,0.0,1.0,1.0,2
q00668,4,type_aware,type_aware,1.0,1.0,1.0,1.0,1
q00669,4,type_aware,type_aware,0.16666666666666666,0.0,0.0,0.0,6
q00672,4,type_aware,type_aware,1.0,1.0,1.0,1.0,1
q00673,4,type_aware,type_aware,1.0,1.0,1.0,1.0,1
q00674,4,type_aware,type_aware,1.0,1.0,1.0,1.0,1
q00675,4,type_aware,type_aware,1.0,1.0,1.0,1.0,1
q00676,4,type_aware,type_aware,1.0,1.0,1.0,1.0,1
q00678,4,type_aware,type_aware,1.0,1.0,1.0,1.0,1
q00679,4,type_aware,type_aware,0.14285714285714285,0.0,0.0,0.0,7
q00680,4,type_aware,type_aware,1.0,1.0,1.0,1.0,1
q00681,4,type_aware,type_aware,1.0,1.0,1.0,1.0,1
q00683,4,type_aware,type_aware,1.0,1.0,1.0,1.0,1
q00684,4,type_aware,type_aware,0.02127659574468085,0.0,0.0,0.0,47
q00685,4,type_aware,type_aware,0.14285714285714285,0.0,0.0,0.0,7
q00686,4,type_aware,type_aware,1.0,1.0,1.0,1.0,1
q00688,4,type_aware,type_aware,1.0,1.0,1.0,1.0,1
q00690,4,type_aware,type_aware,1.0,1.0,1.0,1.0,1
q00691,4,type_aware,type_aware,1.0,1.0,1.0,1.0,1
q00692,4,type_aware,type_aware,1.0,1.0,1.0,1.0,1
q00693,4,type_aware,type_aware,0.08333333333333333,0.0,0.0,0.0,12
q00694,4,type_aware,type_aware,1.0,1.0,1.0,1.0,1
q00695,4,type_aware,type_aware,0.16666666666666666,0.0,0.0,0.0,6
q00696,4,type_aware,type_aware,0.029411764705882353,0.0,0.0,0.0,34
q00697,5,type_aware,type_aware,0.08333333333333333,0.0,0.0,0.0,12
q00698,5,type_aware,type_aware,0.3333333333333333,0.0,1.0,1.0,3
q00699,5,type_aware,type_aware,0.05263157894736842,0.0,0.0,0.0,19
q00701,5,type_aware,type_aware,0.5,0.0,1.0,1.0,2
q00702,5,type_aware,type_aware,0.3333333333333333,0.0,1.0,1.0,3
q00703,5,type_aware,type_aware,0.3333333333333333,0.0,1.0,1.0,3
q00704,5,type_aware,type_aware,1.0,1.0,1.0,1.0,1
q00705,5,type_aware,type_aware,0.022727272727272728,0.0,0.0,0.0,44
q00706,5,type_aware,type_aware,1.0,1.0,1.0,1.0,1
q00707,5,type_aware,type_aware,0.16666666666666666,0.0,0.0,0.0,6
q00708,5,type_aware,type_aware,0.5,0.0,1.0,1.0,2
q00709,5,type_aware,type_aware,1.0,1.0,1.0,1.0,1
q00710,5,type_aware,type_aware,0.5,0.0,1.0,1.0,2
q00711,5,type_aware,type_aware,0.0625,0.0,0.0,0.0,16
q00712,5,type_aware,type_aware,1.0,1.0,1.0,1.0,1
q00713,5,type_aware,type_aware,0.0625,0.0,0.0,0.0,16
q00714,5,type_aware,type_aware,0.5,0.0,1.0,1.0,2
q00715,5,type_aware,type_aware,0.125,0.0,0.0,0.0,8
q00716,5,type_aware,type_aware,1.0,1.0,1.0,1.0,1
q00717,5,type_aware,type_aware,1.0,1.0,1.0,1.0,1
q00718,5,type_aware,type_aware,0.14285714285714285,0.0,0.0,0.0,7
q00719,5,type_aware,type_aware,0.5,0.0,1.0,1.0,2
q00720,5,type_aware,type_aware,0.2,0.0,0.0,1.0,5
q00721,5,type_aware,type_aware,1.0,1.0,1.0,1.0,1
q00722,5,type_aware,type_aware,0.5,0.0,1.0,1.0,2
q00723,5,type_aware,type_aware,1.0,1.0,1.0,1.0,1
q00724,5,type_aware,type_aware,1.0,1.0,1.0,1.0,1
q00726,5,type_aware,type_aware,0.125,0.0,0.0,0.0,8
q00728,5,type_aware,type_aware,0.0005221932114882506,0.0,0.0,0.0,1915
q00729,5,type_aware,type_aware,1.0,1.0,1.0,1.0,1
q00730,5,type_aware,type_aware,1.0,1.0,1.0,1.0,1
q00731,5,type_aware,type_aware,1.0,1.0,1.0,1.0,1
q00732,5,type_aware,type_aware,0.5,0.0,1.0,1.0,2
q00733,5,type_aware,type_aware,1.0,1.0,1.0,1.0,1
q00734,5,type_aware,type_aware,0.05555555555555555,0.0,0.0,0.0,18
q00735,5,type_aware,type_aware,1.0,1.0,1.0,1.0,1
q00736,5,type_aware,type_aware,1.0,1.0,1.0,1.0,1
q00737,5,type_aware,type_aware,0.3333333333333333,0.0,1.0,1.0,3
q00738,5,type_aware,type_aware,0.25,0.0,0.0,1.0,4
q00740,5,type_aware,type_aware,0.14285714285714285,0.0,0.0,0.0,7
q00741,5,type_aware,type_aware,0.007874015748031496,0.0,0.0,0.0,127
q00742,5,type_aware,type_aware,0.043478260869565216,0.0,0.0,0.0,23
q00743,5,type_aware,type_aware,0.25,0.0,0.0,1.0,4
q00744,5,type_aware,type_aware,1.0,1.0,1.0,1.0,1
q00745,5,type_aware,type_aware,0.25,0.0,0.0,1.0,4
q00746,5,type_aware,type_aware,1.0,1.0,1.0,1.0,1
q00747,5,type_aware,type_aware,1.0,1.0,1.0,1.0,1
q00749,5,type_aware,type_aware,1.0,1.0,1.0,1.0,1
q00750,5,type_aware,type_aware,0.015625,0.0,0.0,0.0,64
q00751,5,type_aware,type_aware,1.0,1.0,1.0,1.0,1
q00753,5,type_aware,type_aware,1.0,1.0,1.0,1.0,1
q00754,5,type_aware,type_aware,1.0,1.0,1.0,1.0,1
q00755,5,type_aware,type_aware,1.0,1.0,1.0,1.0,1
q00756,5,type_aware,type_aware,1.0,1.0,1.0,1.0,1
q00757,5,type_aware,type_aware,0.07142857142857142,0.0,0.0,0.0,14
q00758,1,type_aware,type_aware,1.0,1.0,1.0,1.0,1
q00759,1,type_aware,type_aware,0.5,0.0,1.0,1.0,2
q00760,1,type_aware,type_aware,0.14285714285714285,0.0,0.0,0.0,7
q00761,3,type_aware,type_aware,0.008771929824561403,0.0,0.0,0.0,114
q00762,1,type_aware,type_aware,0.019230769230769232,0.0,0.0,0.0,52
q00763,3,type_aware,type_aware,0.016666666666666666,0.0,0.0,0.0,60
q00764,2,type_aware,type_aware,0.5,0.0,1.0,1.0,2
q00765,1,type_aware,type_aware,0.02857142857142857,0.0,0.0,0.0,35
q00766,3,type_aware,type_aware,1.0,1.0,1.0,1.0,1
q00767,1,type_aware,type_aware,0.5,0.0,1.0,1.0,2
q00768,2,type_aware,type_aware,1.0,1.0,1.0,1.0,1
q00769,1,type_aware,type_aware,0.02127659574468085,0.0,0.0,0.0,47
q00770,2,type_aware,type_aware,1.0,1.0,1.0,1.0,1
q00771,1,type_aware,type_aware,1.0,1.0,1.0,1.0,1
q00772,1,type_aware,type_aware,1.0,1.0,1.0,1.0,1
q00773,3,type_aware,type_aware,1.0,1.0,1.0,1.0,1
q00774,2,type_aware,type_aware,1.0,1.0,1.0,1.0,1
q00775,1,type_aware,type_aware,0.016129032258064516,0.0,0.0,0.0,62
q00776,1,type_aware,type_aware,0.16666666666666666,0.0,0.0,0.0,6
q00777,3,type_aware,type_aware,0.5,0.0,1.0,1.0,2
q00778,2,type_aware,type_aware,1.0,1.0,1.0,1.0,1
q00779,1,type_aware,type_aware,0.03225806451612903,0.0,0.0,0.0,31
q00780,2,type_aware,type_aware,1.0,1.0,1.0,1.0,1
q00781,2,type_aware,type_aware,1.0,1.0,1.0,1.0,1
q00782,2,type_aware,type_aware,0.043478260869565216,0.0,0.0,0.0,23
q00783,1,type_aware,type_aware,0.1,0.0,0.0,0.0,10
q00784,1,type_aware,type_aware,1.0,1.0,1.0,1.0,1
q00785,3,type_aware,type_aware,0.5,0.0,1.0,1.0,2
q00786,3,type_aware,type_aware,1.0,1.0,1.0,1.0,1
q00787,1,type_aware,type_aware,1.0,1.0,1.0,1.0,1
q00788,1,type_aware,type_aware,0.125,0.0,0.0,0.0,8
q00789,2,type_aware,type_aware,1.0,1.0,1.0,1.0,1
q00790,3,type_aware,type_aware,1.0,1.0,1.0,1.0,1
q00791,2,type_aware,type_aware,1.0,1.0,1.0,1.0,1
q00792,3,type_aware,type_aware,0.5,0.0,1.0,1.0,2
q00793,1,type_aware,type_aware,0.018867924528301886,0.0,0.0,0.0,53
q00794,1,type_aware,type_aware,1.0,1.0,1.0,1.0,1
q00795,2,type_aware,type_aware,1.0,1.0,1.0,1.0,1
q00796,1,type_aware,type_aware,0.5,0.0,1.0,1.0,2
q00797,2,type_aware,type_aware,1.0,1.0,1.0,1.0,1
q00798,2,type_aware,type_aware,0.125,0.0,0.0,0.0,8
q00799,1,type_aware,type_aware,0.038461538461538464,0.0,0.0,0.0,26
q00800,1,type_aware,type_aware,0.25,0.0,0.0,1.0,4
q00801,1,type_aware,type_aware,1.0,1.0,1.0,1.0,1
q00802,2,type_aware,type_aware,1.0,1.0,1.0,1.0,1
q00803,2,type_aware,type_aware,0.125,0.0,0.0,0.0,8
q00804,2,type_aware,type_aware,0.125,0.0,0.0,0.0,8
q00805,2,type_aware,type_aware,0.3333333333333333,0.0,1.0,1.0,3
q00806,1,type_aware,type_aware,0.5,0.0,1.0,1.0,2
q00807,1,type_aware,type_aware,1.0,1.0,1.0,1.0,1
q00808,1,type_aware,type_aware,0.25,0.0,0.0,1.0,4
q00809,3,type_aware,type_aware,1.0,1.0,1.0,1.0,1
q00810,1,type_aware,type_aware,1.0,1.0,1.0,1.0,1
q00811,3,type_aware,type_aware,1.0,1.0,1.0,1.0,1
q00812,2,type_aware,type_aware,1.0,1.0,1.0,1.0,1
q00813,2,type_aware,type_aware,0.25,0.0,0.0,1.0,4
q00814,2,type_aware,type_aware,1.0,1.0,1.0,1.0,1
q00815,1,type_aware,type_aware,1.0,1.0,1.0,1.0,1
q00816,2,type_aware,type_aware,1.0,1.0,1.0,1.0,1
q00817,1,type_aware,type_aware,0.09090909090909091,0.0,0.0,0.0,11
q00818,2,type_aware,type_aware,0.002145922746781116,0.0,0.0,0.0,466
q00819,1,type_aware,type_aware,0.5,0.0,1.0,1.0,2
q00820,1,type_aware,type_aware,0.5,0.0,1.0,1.0,2
q00821,2,type_aware,type_aware,1.0,1.0,1.0,1.0,1
q00822,2,type_aware,type_aware,1.0,1.0,1.0,1.0,1
q00823,1,type_aware,type_aware,1.0,1.0,1.0,1.0,1
q00824,3,type_aware,type_aware,1.0,1.0,1.0,1.0,1
q00825,3,type_aware,type_aware,0.09090909090909091,0.0,0.0,0.0,11
q00826,2,type_aware,type_aware,1.0,1.0,1.0,1.0,1
q00827,2,type_aware,type_aware,1.0,1.0,1.0,1.0,1
q00828,3,type_aware,type_aware,1.0,1.0,1.0,1.0,1
q00829,4,type_aware,type_aware,0.5,0.0,1.0,1.0,2
q00830,4,type_aware,type_aware,0.09090909090909091,0.0,0.0,0.0,11
q00831,4,type_aware,type_aware,1.0,1.0,1.0,1.0,1
q00832,4,type_aware,type_aware,0.25,0.0,0.0,1.0,4
q00833,4,type_aware,type_aware,1.0,1.0,1.0,1.0,1
q00834,4,type_aware,type_aware,1.0,1.0,1.0,1.0,1
q00835,4,type_aware,type_aware,1.0,1.0,1.0,1.0,1
q00836,4,type_aware,type_aware,0.5,0.0,1.0,1.0,2
q00837,4,type_aware,type_aware,1.0,1.0,1.0,1.0,1
q00838,4,type_aware,type_aware,0.25,0.0,0.0,1.0,4
q00839,4,type_aware,type_aware,1.0,1.0,1.0,1.0,1
q00841,4,type_aware,type_aware,0.25,0.0,0.0,1.0,4
q00842,4,type_aware,type_aware,0.125,0.0,0.0,0.0,8
q00843,4,type_aware,type_aware,1.0,1.0,1.0,1.0,1
q00844,4,type_aware,type_aware,0.25,0.0,0.0,1.0,4
q00845,4,type_aware,type_aware,0.06666666666666667,0.0,0.0,0.0,15
q00846,4,type_aware,type_aware,1.0,1.0,1.0,1.0,1
q00847,4,type_aware,type_aware,1.0,1.0,1.0,1.0,1
q00848,4,type_aware,type_aware,1.0,1.0,1.0,1.0,1
q00849,4,type_aware,type_aware,1.0,1.0,1.0,1.0,1
q00850,4,type_aware,type_aware,0.5,0.0,1.0,1.0,2
q00851,4,type_aware,type_aware,1.0,1.0,1.0,1.0,1
q00852,4,type_aware,type_aware,1.0,1.0,1.0,1.0,1
q00853,4,type_aware,type_aware,1.0,1.0,1.0,1.0,1
q00854,4,type_aware,type_aware,1.0,1.0,1.0,1.0,1
q00855,4,type_aware,type_aware,1.0,1.0,1.0,1.0,1
q00856,4,type_aware,type_aware,0.25,0.0,0.0,1.0,4
q00857,4,type_aware,type_aware,1.0,1.0,1.0,1.0,1
q00858,4,type_aware,type_aware,0.5,0.0,1.0,1.0,2
q00859,4,type_aware,type_aware,1.0,1.0,1.0,1.0,1
q00861,4,type_aware,type_aware,1.0,1.0,1.0,1.0,1
q00862,4,type_aware,type_aware,1.0,1.0,1.0,1.0,1
q00863,4,type_aware,type_aware,1.0,1.0,1.0,1.0,1
q00864,4,type_aware,type_aware,1.0,1.0,1.0,1.0,1
q00866,4,type_aware,type_aware,1.0,1.0,1.0,1.0,1
q00868,4,type_aware,type_aware,0.1,0.0,0.0,0.0,10
q00869,4,type_aware,type_aware,0.5,0.0,1.0,1.0,2
q00870,4,type_aware,type_aware,1.0,1.0,1.0,1.0,1
q00872,4,type_aware,type_aware,0.05555555555555555,0.0,0.0,0.0,18
q00873,4,type_aware,type_aware,0.3333333333333333,0.0,1.0,1.0,3
q00876,4,type_aware,type_aware,1.0,1.0,1.0,1.0,1
q00877,4,type_aware,type_aware,1.0,1.0,1.0,1.0,1
q00879,4,type_aware,type_aware,0.2,0.0,0.0,1.0,5
q00880,4,type_aware,type_aware,0.01282051282051282,0.0,0.0,0.0,78
q00881,4,type_aware,type_aware,1.0,1.0,1.0,1.0,1
q00882,4,type_aware,type_aware,0.5,0.0,1.0,1.0,2
q00883,4,type_aware,type_aware,1.0,1.0,1.0,1.0,1
q00884,4,type_aware,type_aware,1.0,1.0,1.0,1.0,1
q00885,4,type_aware,type_aware,0.3333333333333333,0.0,1.0,1.0,3
q00886,4,type_aware,type_aware,1.0,1.0,1.0,1.0,1
q00887,4,type_aware,type_aware,1.0,1.0,1.0,1.0,1
q00888,4,type_aware,type_aware,1.0,1.0,1.0,1.0,1
q00889,4,type_aware,type_aware,0.07692307692307693,0.0,0.0,0.0,13
q00890,4,type_aware,type_aware,1.0,1.0,1.0,1.0,1
q00891,4,type_aware,type_aware,1.0,1.0,1.0,1.0,1
q00892,4,type_aware,type_aware,1.0,1.0,1.0,1.0,1
q00893,4,type_aware,type_aware,0.007352941176470588,0.0,0.0,0.0,136
q00894,4,type_aware,type_aware,0.014084507042253521,0.0,0.0,0.0,71
q00895,4,type_aware,type_aware,1.0,1.0,1.0,1.0,1
q00896,4,type_aware,type_aware,1.0,1.0,1.0,1.0,1
q00897,4,type_aware,type_aware,1.0,1.0,1.0,1.0,1
q00898,4,type_aware,type_aware,1.0,1.0,1.0,1.0,1
q00899,4,type_aware,type_aware,1.0,1.0,1.0,1.0,1
q00900,4,type_aware,type_aware,0.5,0.0,1.0,1.0,2
q00901,4,type_aware,type_aware,1.0,1.0,1.0,1.0,1
q00902,4,type_aware,type_aware,1.0,1.0,1.0,1.0,1
q00903,4,type_aware,type_aware,1.0,1.0,1.0,1.0,1
q00905,4,type_aware,type_aware,1.0,1.0,1.0,1.0,1
q00906,4,type_aware,type_aware,1.0,1.0,1.0,1.0,1
q00907,4,type_aware,type_aware,0.08333333333333333,0.0,0.0,0.0,12
q00908,4,type_aware,type_aware,0.018867924528301886,0.0,0.0,0.0,53
q00909,4,type_aware,type_aware,0.018867924528301886,0.0,0.0,0.0,53
q00910,4,type_aware,type_aware,1.0,1.0,1.0,1.0,1
q00911,4,type_aware,type_aware,1.0,1.0,1.0,1.0,1
q00912,4,type_aware,type_aware,0.006289308176100629,0.0,0.0,0.0,159
q00913,4,type_aware,type_aware,0.09090909090909091,0.0,0.0,0.0,11
q00914,4,type_aware,type_aware,1.0,1.0,1.0,1.0,1
q00915,4,type_aware,type_aware,0.3333333333333333,0.0,1.0,1.0,3
q00916,4,type_aware,type_aware,1.0,1.0,1.0,1.0,1
q00917,4,type_aware,type_aware,1.0,1.0,1.0,1.0,1
q00918,4,type_aware,type_aware,0.018867924528301886,0.0,0.0,0.0,53
q00919,4,type_aware,type_aware,0.5,0.0,1.0,1.0,2
q00920,4,type_aware,type_aware,1.0,1.0,1.0,1.0,1
q00921,4,type_aware,type_aware,0.3333333333333333,0.0,1.0,1.0,3
q00922,4,type_aware,type_aware,0.1,0.0,0.0,0.0,10
q00923,4,type_aware,type_aware,1.0,1.0,1.0,1.0,1
q00924,4,type_aware,type_aware,0.125,0.0,0.0,0.0,8
q00925,4,type_aware,type_aware,1.0,1.0,1.0,1.0,1
q00927,4,type_aware,type_aware,1.0,1.0,1.0,1.0,1
q00928,4,type_aware,type_aware,1.0,1.0,1.0,1.0,1
q00930,4,type_aware,type_aware,1.0,1.0,1.0,1.0,1
q00931,4,type_aware,type_aware,1.0,1.0,1.0,1.0,1
q00932,4,type_aware,type_aware,0.2,0.0,0.0,1.0,5
q00933,4,type_aware,type_aware,0.0078125,0.0,0.0,0.0,128
q00934,4,type_aware,type_aware,0.043478260869565216,0.0,0.0,0.0,23
q00935,4,type_aware,type_aware,0.07142857142857142,0.0,0.0,0.0,14
q00936,5,type_aware,type_aware,0.02857142857142857,0.0,0.0,0.0,35
q00937,5,type_aware,type_aware,0.006993006993006993,0.0,0.0,0.0,143
q00938,5,type_aware,type_aware,1.0,1.0,1.0,1.0,1
q00939,5,type_aware,type_aware,0.02702702702702703,0.0,0.0,0.0,37
q00940,5,type_aware,type_aware,1.0,1.0,1.0,1.0,1
q00941,5,type_aware,type_aware,0.5,0.0,1.0,1.0,2
q00942,5,type_aware,type_aware,1.0,1.0,1.0,1.0,1
q00944,5,type_aware,type_aware,0.010526315789473684,0.0,0.0,0.0,95
q00945,5,type_aware,type_aware,0.2,0.0,0.0,1.0,5
q00946,5,type_aware,type_aware,1.0,1.0,1.0,1.0,1
q00947,5,type_aware,type_aware,0.024390243902439025,0.0,0.0,0.0,41
q00948,5,type_aware,type_aware,1.0,1.0,1.0,1.0,1
q00949,5,type_aware,type_aware,1.0,1.0,1.0,1.0,1
q00950,5,type_aware,type_aware,0.25,0.0,0.0,1.0,4
q00951,5,type_aware,type_aware,1.0,1.0,1.0,1.0,1
q00952,5,type_aware,type_aware,1.0,1.0,1.0,1.0,1
q00953,5,type_aware,type_aware,0.06666666666666667,0.0,0.0,0.0,15
q00954,5,type_aware,type_aware,1.0,1.0,1.0,1.0,1
q00955,5,type_aware,type_aware,0.07142857142857142,0.0,0.0,0.0,14
q00956,5,type_aware,type_aware,1.0,1.0,1.0,1.0,1
q00957,5,type_aware,type_aware,0.16666666666666666,0.0,0.0,0.0,6
q00958,5,type_aware,type_aware,0.3333333333333333,0.0,1.0,1.0,3
q00959,5,type_aware,type_aware,1.0,1.0,1.0,1.0,1
q00960,5,type_aware,type_aware,1.0,1.0,1.0,1.0,1
q00961,5,type_aware,type_aware,1.0,1.0,1.0,1.0,1
q00962,5,type_aware,type_aware,0.3333333333333333,0.0,1.0,1.0,3
q00963,5,type_aware,type_aware,0.5,0.0,1.0,1.0,2
q00964,5,type_aware,type_aware,0.0029239766081871343,0.0,0.0,0.0,342
q00966,5,type_aware,type_aware,1.0,1.0,1.0,1.0,1
q00967,5,type_aware,type_aware,0.125,0.0,0.0,0.0,8
q00968,5,type_aware,type_aware,0.002242152466367713,0.0,0.0,0.0,446
q00969,5,type_aware,type_aware,0.5,0.0,1.0,1.0,2
q00970,5,type_aware,type_aware,0.05555555555555555,0.0,0.0,0.0,18
q00971,5,type_aware,type_aware,0.3333333333333333,0.0,1.0,1.0,3
q00972,5,type_aware,type_aware,0.014084507042253521,0.0,0.0,0.0,71
q00973,5,type_aware,type_aware,0.047619047619047616,0.0,0.0,0.0,21
q00974,5,type_aware,type_aware,1.0,1.0,1.0,1.0,1
q00975,5,type_aware,type_aware,1.0,1.0,1.0,1.0,1
q00976,5,type_aware,type_aware,1.0,1.0,1.0,1.0,1
q00977,5,type_aware,type_aware,1.0,1.0,1.0,1.0,1
q00978,5,type_aware,type_aware,0.1111111111111111,0.0,0.0,0.0,9
q00979,5,type_aware,type_aware,1.0,1.0,1.0,1.0,1
q00980,5,type_aware,type_aware,1.0,1.0,1.0,1.0,1
q00982,5,type_aware,type_aware,0.5,0.0,1.0,1.0,2
q00983,5,type_aware,type_aware,0.3333333333333333,0.0,1.0,1.0,3
q00984,5,type_aware,type_aware,0.043478260869565216,0.0,0.0,0.0,23
q00985,5,type_aware,type_aware,1.0,1.0,1.0,1.0,1
q00986,5,type_aware,type_aware,1.0,1.0,1.0,1.0,1
q00987,5,type_aware,type_aware,1.0,1.0,1.0,1.0,1
q00988,5,type_aware,type_aware,1.0,1.0,1.0,1.0,1
q00989,5,type_aware,type_aware,0.0625,0.0,0.0,0.0,16
q00990,5,type_aware,type_aware,1.0,1.0,1.0,1.0,1
q00991,5,type_aware,type_aware,1.0,1.0,1.0,1.0,1
q00992,5,type_aware,type_aware,0.02631578947368421,0.0,0.0,0.0,38
q00993,5,type_aware,type_aware,1.0,1.0,1.0,1.0,1
q00995,5,type_aware,type_aware,1.0,1.0,1.0,1.0,1
q00996,5,type_aware,type_aware,1.0,1.0,1.0,1.0,1
q00997,5,type_aware,type_aware,1.0,1.0,1.0,1.0,1
q00998,5,type_aware,type_aware,0.011494252873563218,0.0,0.0,0.0,87
q00999,5,type_aware,type_aware,0.006896551724137931,0.0,0.0,0.0,145
q01000,2,type_aware,type_aware,0.14285714285714285,0.0,0.0,0.0,7
q01001,2,type_aware,type_aware,1.0,1.0,1.0,1.0,1
q01002,1,type_aware,type_aware,0.5,0.0,1.0,1.0,2
q01003,1,type_aware,type_aware,1.0,1.0,1.0,1.0,1
q01004,2,type_aware,type_aware,0.3333333333333333,0.0,1.0,1.0,3
q01005,2,type_aware,type_aware,1.0,1.0,1.0,1.0,1
q01006,2,type_aware,type_aware,1.0,1.0,1.0,1.0,1
q01007,2,type_aware,type_aware,0.3333333333333333,0.0,1.0,1.0,3
q01008,2,type_aware,type_aware,0.5,0.0,1.0,1.0,2
q01009,1,type_aware,type_aware,1.0,1.0,1.0,1.0,1
q01010,2,type_aware,type_aware,0.08333333333333333,0.0,0.0,0.0,12
q01011,2,type_aware,type_aware,0.3333333333333333,0.0,1.0,1.0,3
q01012,1,type_aware,type_aware,0.14285714285714285,0.0,0.0,0.0,7
q01013,2,type_aware,type_aware,1.0,1.0,1.0,1.0,1
q01014,1,type_aware,type_aware,0.2,0.0,0.0,1.0,5
q01015,1,type_aware,type_aware,0.047619047619047616,0.0,0.0,0.0,21
q01016,2,type_aware,type_aware,0.5,0.0,1.0,1.0,2
q01017,1,type_aware,type_aware,0.5,0.0,1.0,1.0,2
q01018,1,type_aware,type_aware,1.0,1.0,1.0,1.0,1
q01019,3,type_aware,type_aware,0.01639344262295082,0.0,0.0,0.0,61
q01020,3,type_aware,type_aware,0.3333333333333333,0.0,1.0,1.0,3
q01021,1,type_aware,type_aware,1.0,1.0,1.0,1.0,1
q01022,2,type_aware,type_aware,0.14285714285714285,0.0,0.0,0.0,7
q01023,1,type_aware,type_aware,0.017543859649122806,0.0,0.0,0.0,57
q01024,1,type_aware,type_aware,0.024390243902439025,0.0,0.0,0.0,41
q01025,2,type_aware,type_aware,1.0,1.0,1.0,1.0,1
q01026,1,type_aware,type_aware,0.5,0.0,1.0,1.0,2
q01027,1,type_aware,type_aware,0.5,0.0,1.0,1.0,2
q01028,1,type_aware,type_aware,0.011235955056179775,0.0,0.0,0.0,89
q01029,1,type_aware,type_aware,0.01818181818181818,0.0,0.0,0.0,55
q01030,2,type_aware,type_aware,1.0,1.0,1.0,1.0,1
q01031,1,type_aware,type_aware,0.034482758620689655,0.0,0.0,0.0,29
q01032,1,type_aware,type_aware,1.0,1.0,1.0,1.0,1
q01033,3,type_aware,type_aware,0.125,0.0,0.0,0.0,8
q01034,2,type_aware,type_aware,0.09090909090909091,0.0,0.0,0.0,11
q01035,1,type_aware,type_aware,0.037037037037037035,0.0,0.0,0.0,27
q01036,1,type_aware,type_aware,1.0,1.0,1.0,1.0,1
q01037,2,type_aware,type_aware,1.0,1.0,1.0,1.0,1
q01038,2,type_aware,type_aware,1.0,1.0,1.0,1.0,1
q01039,1,type_aware,type_aware,0.041666666666666664,0.0,0.0,0.0,24
q01040,1,type_aware,type_aware,0.013333333333333334,0.0,0.0,0.0,75
q01041,1,type_aware,type_aware,0.03333333333333333,0.0,0.0,0.0,30
q01042,1,type_aware,type_aware,1.0,1.0,1.0,1.0,1
q01043,3,type_aware,type_aware,0.2,0.0,0.0,1.0,5
q01044,3,type_aware,type_aware,1.0,1.0,1.0,1.0,1
q01045,2,type_aware,type_aware,0.04,0.0,0.0,0.0,25
q01046,2,type_aware,type_aware,0.045454545454545456,0.0,0.0,0.0,22
q01047,2,type_aware,type_aware,0.3333333333333333,0.0,1.0,1.0,3
q01049,1,type_aware,type_aware,0.2,0.0,0.0,1.0,5
q01050,1,type_aware,type_aware,0.25,0.0,0.0,1.0,4
q01051,1,type_aware,type_aware,0.125,0.0,0.0,0.0,8
q01052,3,type_aware,type_aware,0.018518518518518517,0.0,0.0,0.0,54
q01053,3,type_aware,type_aware,0.5,0.0,1.0,1.0,2
q01054,1,type_aware,type_aware,1.0,1.0,1.0,1.0,1
q01055,2,type_aware,type_aware,0.02564102564102564,0.0,0.0,0.0,39
q01056,1,type_aware,type_aware,0.043478260869565216,0.0,0.0,0.0,23
q01057,2,type_aware,type_aware,1.0,1.0,1.0,1.0,1
q01058,2,type_aware,type_aware,1.0,1.0,1.0,1.0,1
q01059,2,type_aware,type_aware,0.16666666666666666,0.0,0.0,0.0,6
q01060,1,type_aware,type_aware,0.04,0.0,0.0,0.0,25
q01061,4,type_aware,type_aware,0.5,0.0,1.0,1.0,2
q01062,4,type_aware,type_aware,1.0,1.0,1.0,1.0,1
q01063,4,type_aware,type_aware,0.5,0.0,1.0,1.0,2
q01064,4,type_aware,type_aware,0.2,0.0,0.0,1.0,5
q01065,4,type_aware,type_aware,1.0,1.0,1.0,1.0,1
q01066,4,type_aware,type_aware,0.25,0.0,0.0,1.0,4
q01067,4,type_aware,type_aware,0.25,0.0,0.0,1.0,4
q01068,4,type_aware,type_aware,1.0,1.0,1.0,1.0,1
q01069,4,type_aware,type_aware,0.5,0.0,1.0,1.0,2
q01070,4,type_aware,type_aware,1.0,1.0,1.0,1.0,1
q01071,4,type_aware,type_aware,1.0,1.0,1.0,1.0,1
q01072,4,type_aware,type_aware,0.25,0.0,0.0,1.0,4
q01073,4,type_aware,type_aware,1.0,1.0,1.0,1.0,1
q01074,4,type_aware,type_aware,0.5,0.0,1.0,1.0,2
q01075,4,type_aware,type_aware,0.5,0.0,1.0,1.0,2
q01076,4,type_aware,type_aware,0.3333333333333333,0.0,1.0,1.0,3
q01077,4,type_aware,type_aware,1.0,1.0,1.0,1.0,1
q01078,4,type_aware,type_aware,1.0,1.0,1.0,1.0,1
q01079,4,type_aware,type_aware,1.0,1.0,1.0,1.0,1
q01080,4,type_aware,type_aware,1.0,1.0,1.0,1.0,1
q01081,4,type_aware,type_aware,1.0,1.0,1.0,1.0,1
q01082,4,type_aware,type_aware,1.0,1.0,1.0,1.0,1
q01083,4,type_aware,type_aware,1.0,1.0,1.0,1.0,1
q01084,4,type_aware,type_aware,0.2,0.0,0.0,1.0,5
q01085,4,type_aware,type_aware,0.25,0.0,0.0,1.0,4
q01086,4,type_aware,type_aware,1.0,1.0,1.0,1.0,1
q01087,4,type_aware,type_aware,1.0,1.0,1.0,1.0,1
q01089,4,type_aware,type_aware,0.019230769230769232,0.0,0.0,0.0,52
q01090,4,type_aware,type_aware,1.0,1.0,1.0,1.0,1
q01091,4,type_aware,type_aware,1.0,1.0,1.0,1.0,1
q01093,4,type_aware,type_aware,1.0,1.0,1.0,1.0,1
q01094,4,type_aware,type_aware,1.0,1.0,1.0,1.0,1
q01095,4,type_aware,type_aware,0.125,0.0,0.0,0.0,8
q01099,4,type_aware,type_aware,0.3333333333333333,0.0,1.0,1.0,3
q01100,4,type_aware,type_aware,0.05263157894736842,0.0,0.0,0.0,19
q01101,4,type_aware,type_aware,1.0,1.0,1.0,1.0,1
q01102,4,type_aware,type_aware,1.0,1.0,1.0,1.0,1
q01103,4,type_aware,type_aware,1.0,1.0,1.0,1.0,1
q01104,4,type_aware,type_aware,0.5,0.0,1.0,1.0,2
q01105,4,type_aware,type_aware,1.0,1.0,1.0,1.0,1
q01106,4,type_aware,type_aware,1.0,1.0,1.0,1.0,1
q01107,4,type_aware,type_aware,1.0,1.0,1.0,1.0,1
q01108,4,type_aware,type_aware,1.0,1.0,1.0,1.0,1
q01110,4,type_aware,type_aware,1.0,1.0,1.0,1.0,1
q01111,4,type_aware,type_aware,0.5,0.0,1.0,1.0,2
q01112,4,type_aware,type_aware,1.0,1.0,1.0,1.0,1
q01113,4,type_aware,type_aware,1.0,1.0,1.0,1.0,1
q01114,4,type_aware,type_aware,1.0,1.0,1.0,1.0,1
q01115,4,type_aware,type_aware,1.0,1.0,1.0,1.0,1
q01116,4,type_aware,type_aware,0.5,0.0,1.0,1.0,2
q01117,4,type_aware,type_aware,1.0,1.0,1.0,1.0,1
q01118,4,type_aware,type_aware,1.0,1.0,1.0,1.0,1
q01119,4,type_aware,type_aware,1.0,1.0,1.0,1.0,1
q01120,4,type_aware,type_aware,0.03225806451612903,0.0,0.0,0.0,31
q01121,4,type_aware,type_aware,1.0,1.0,1.0,1.0,1
q01122,4,type_aware,type_aware,1.0,1.0,1.0,1.0,1
q01123,5,type_aware,type_aware,0.01020408163265306,0.0,0.0,0.0,98
q01124,5,type_aware,type_aware,0.016129032258064516,0.0,0.0,0.0,62
q01125,5,type_aware,type_aware,0.018867924528301886,0.0,0.0,0.0,53
q01126,5,type_aware,type_aware,1.0,1.0,1.0,1.0,1
q01127,5,type_aware,type_aware,0.1111111111111111,0.0,0.0,0.0,9
q01128,5,type_aware,type_aware,1.0,1.0,1.0,1.0,1
q01129,5,type_aware,type_aware,0.09090909090909091,0.0,0.0,0.0,11
q01130,5,type_aware,type_aware,0.07692307692307693,0.0,0.0,0.0,13
q01131,5,type_aware,type_aware,0.2,0.0,0.0,1.0,5
q01132,5,type_aware,type_aware,0.5,0.0,1.0,1.0,2
q01133,5,type_aware,type_aware,1.0,1.0,1.0,1.0,1
q01134,5,type_aware,type_aware,0.027777777777777776,0.0,0.0,0.0,36
q01135,5,type_aware,type_aware,1.0,1.0,1.0,1.0,1
q01136,5,type_aware,type_aware,0.3333333333333333,0.0,1.0,1.0,3
q01137,5,type_aware,type_aware,0.034482758620689655,0.0,0.0,0.0,29
q01138,5,type_aware,type_aware,0.006802721088435374,0.0,0.0,0.0,147
q01139,5,type_aware,type_aware,1.0,1.0,1.0,1.0,1
q01140,5,type_aware,type_aware,1.0,1.0,1.0,1.0,1
q01142,5,type_aware,type_aware,1.0,1.0,1.0,1.0,1
q01143,5,type_aware,type_aware,0.125,0.0,0.0,0.0,8
q01144,5,type_aware,type_aware,0.125,0.0,0.0,0.0,8
q01146,5,type_aware,type_aware,0.007692307692307693,0.0,0.0,0.0,130
q01147,5,type_aware,type_aware,0.5,0.0,1.0,1.0,2
q01148,5,type_aware,type_aware,1.0,1.0,1.0,1.0,1
q01149,5,type_aware,type_aware,1.0,1.0,1.0,1.0,1
q01150,5,type_aware,type_aware,1.0,1.0,1.0,1.0,1
q01151,5,type_aware,type_aware,1.0,1.0,1.0,1.0,1
q01152,5,type_aware,type_aware,1.0,1.0,1.0,1.0,1
q01154,5,type_aware,type_aware,0.25,0.0,0.0,1.0,4
q01155,5,type_aware,type_aware,1.0,1.0,1.0,1.0,1
q01156,5,type_aware,type_aware,1.0,1.0,1.0,1.0,1
q01157,5,type_aware,type_aware,1.0,1.0,1.0,1.0,1
q01158,3,type_aware,type_aware,0.004,0.0,0.0,0.0,250
q01159,2,type_aware,type_aware,0.01694915254237288,0.0,0.0,0.0,59
q01160,1,type_aware,type_aware,1.0,1.0,1.0,1.0,1
q01161,1,type_aware,type_aware,0.043478260869565216,0.0,0.0,0.0,23
q01162,2,type_aware,type_aware,0.5,0.0,1.0,1.0,2
q01163,1,type_aware,type_aware,0.25,0.0,0.0,1.0,4
q01164,3,type_aware,type_aware,0.1,0.0,0.0,0.0,10
q01165,3,type_aware,type_aware,1.0,1.0,1.0,1.0,1
q01166,1,type_aware,type_aware,0.1111111111111111,0.0,0.0,0.0,9
q01167,1,type_aware,type_aware,0.5,0.0,1.0,1.0,2
q01168,2,type_aware,type_aware,1.0,1.0,1.0,1.0,1
q01169,2,type_aware,type_aware,0.002652519893899204,0.0,0.0,0.0,377
q01170,3,type_aware,type_aware,0.16666666666666666,0.0,0.0,0.0,6
q01171,2,type_aware,type_aware,0.5,0.0,1.0,1.0,2
q01172,2,type_aware,type_aware,1.0,1.0,1.0,1.0,1
q01173,2,type_aware,type_aware,1.0,1.0,1.0,1.0,1
q01175,3,type_aware,type_aware,1.0,1.0,1.0,1.0,1
q01176,1,type_aware,type_aware,1.0,1.0,1.0,1.0,1
q01177,3,type_aware,type_aware,0.030303030303030304,0.0,0.0,0.0,33
q01178,1,type_aware,type_aware,1.0,1.0,1.0,1.0,1
q01179,2,type_aware,type_aware,1.0,1.0,1.0,1.0,1
q01180,1,type_aware,type_aware,0.2,0.0,0.0,1.0,5
q01181,2,type_aware,type_aware,0.5,0.0,1.0,1.0,2
q01182,1,type_aware,type_aware,0.058823529411764705,0.0,0.0,0.0,17
q01183,3,type_aware,type_aware,1.0,1.0,1.0,1.0,1
q01184,1,type_aware,type_aware,1.0,1.0,1.0,1.0,1
q01185,1,type_aware,type_aware,0.25,0.0,0.0,1.0,4
q01186,2,type_aware,type_aware,1.0,1.0,1.0,1.0,1
q01187,2,type_aware,type_aware,1.0,1.0,1.0,1.0,1
q01188,3,type_aware,type_aware,1.0,1.0,1.0,1.0,1
q01189,2,type_aware,type_aware,1.0,1.0,1.0,1.0,1
q01190,2,type_aware,type_aware,1.0,1.0,1.0,1.0,1
q01191,3,type_aware,type_aware,0.125,0.0,0.0,0.0,8
q01192,1,type_aware,type_aware,1.0,1.0,1.0,1.0,1
q01193,3,type_aware,type_aware,0.5,0.0,1.0,1.0,2
q01194,3,type_aware,type_aware,1.0,1.0,1.0,1.0,1
q01195,2,type_aware,type_aware,1.0,1.0,1.0,1.0,1
q01196,1,type_aware,type_aware,1.0,1.0,1.0,1.0,1
q01197,2,type_aware,type_aware,1.0,1.0,1.0,1.0,1
q01198,1,type_aware,type_aware,1.0,1.0,1.0,1.0,1
q01199,2,type_aware,type_aware,0.006756756756756757,0.0,0.0,0.0,148
q01200,2,type_aware,type_aware,1.0,1.0,1.0,1.0,1
q01201,2,type_aware,type_aware,1.0,1.0,1.0,1.0,1
q01202,3,type_aware,type_aware,0.002898550724637681,0.0,0.0,0.0,345
q01203,1,type_aware,type_aware,1.0,1.0,1.0,1.0,1
q01204,2,type_aware,type_aware,1.0,1.0,1.0,1.0,1
q01205,2,type_aware,type_aware,1.0,1.0,1.0,1.0,1
q01206,2,type_aware,type_aware,1.0,1.0,1.0,1.0,1
q01207,1,type_aware,type_aware,1.0,1.0,1.0,1.0,1
q01208,2,type_aware,type_aware,1.0,1.0,1.0,1.0,1
q01209,1,type_aware,type_aware,0.2,0.0,0.0,1.0,5
q01210,2,type_aware,type_aware,1.0,1.0,1.0,1.0,1
q01211,2,type_aware,type_aware,0.25,0.0,0.0,1.0,4
q01212,1,type_aware,type_aware,0.25,0.0,0.0,1.0,4
q01213,2,type_aware,type_aware,0.5,0.0,1.0,1.0,2
q01214,1,type_aware,type_aware,1.0,1.0,1.0,1.0,1
q01215,2,type_aware,type_aware,1.0,1.0,1.0,1.0,1
q01216,2,type_aware,type_aware,0.5,0.0,1.0,1.0,2
q01217,2,type_aware,type_aware,0.3333333333333333,0.0,1.0,1.0,3
q01218,1,type_aware,type_aware,1.0,1.0,1.0,1.0,1
q01219,2,type_aware,type_aware,1.0,1.0,1.0,1.0,1
q01220,2,type_aware,type_aware,1.0,1.0,1.0,1.0,1
q01221,2,type_aware,type_aware,1.0,1.0,1.0,1.0,1
q01222,2,type_aware,type_aware,1.0,1.0,1.0,1.0,1
q01225,4,type_aware,type_aware,0.5,0.0,1.0,1.0,2
q01226,4,type_aware,type_aware,1.0,1.0,1.0,1.0,1
q01228,4,type_aware,type_aware,1.0,1.0,1.0,1.0,1
q01229,4,type_aware,type_aware,1.0,1.0,1.0,1.0,1
q01230,4,type_aware,type_aware,0.3333333333333333,0.0,1.0,1.0,3
q01231,4,type_aware,type_aware,1.0,1.0,1.0,1.0,1
q01232,4,type_aware,type_aware,1.0,1.0,1.0,1.0,1
q01233,4,type_aware,type_aware,0.05,0.0,0.0,0.0,20
q01234,4,type_aware,type_aware,1.0,1.0,1.0,1.0,1
q01235,4,type_aware,type_aware,0.16666666666666666,0.0,0.0,0.0,6
q01236,4,type_aware,type_aware,0.07692307692307693,0.0,0.0,0.0,13
q01237,4,type_aware,type_aware,0.08333333333333333,0.0,0.0,0.0,12
q01238,4,type_aware,type_aware,1.0,1.0,1.0,1.0,1
q01239,4,type_aware,type_aware,0.25,0.0,0.0,1.0,4
q01240,4,type_aware,type_aware,0.25,0.0,0.0,1.0,4
q01241,4,type_aware,type_aware,1.0,1.0,1.0,1.0,1
q01242,4,type_aware,type_aware,0.16666666666666666,0.0,0.0,0.0,6
q01243,4,type_aware,type_aware,0.25,0.0,0.0,1.0,4
q01244,4,type_aware,type_aware,1.0,1.0,1.0,1.0,1
q01245,4,type_aware,type_aware,1.0,1.0,1.0,1.0,1
q01246,4,type_aware,type_aware,0.5,0.0,1.0,1.0,2
q01247,4,type_aware,type_aware,1.0,1.0,1.0,1.0,1
q01248,4,type_aware,type_aware,0.2,0.0,0.0,1.0,5
q01250,4,type_aware,type_aware,0.5,0.0,1.0,1.0,2
q01251,4,type_aware,type_aware,1.0,1.0,1.0,1.0,1
q01252,4,type_aware,type_aware,0.5,0.0,1.0,1.0,2
q01253,4,type_aware,type_aware,1.0,1.0,1.0,1.0,1
q01254,4,type_aware,type_aware,0.0625,0.0,0.0,0.0,16
q01255,4,type_aware,type_aware,0.005376344086021506,0.0,0.0,0.0,186
q01256,4,type_aware,type_aware,0.2,0.0,0.0,1.0,5
q01257,4,type_aware,type_aware,1.0,1.0,1.0,1.0,1
q01259,4,type_aware,type_aware,0.5,0.0,1.0,1.0,2
q01260,4,type_aware,type_aware,1.0,1.0,1.0,1.0,1
q01261,4,type_aware,type_aware,1.0,1.0,1.0,1.0,1
q01262,4,type_aware,type_aware,1.0,1.0,1.0,1.0,1
q01263,4,type_aware,type_aware,1.0,1.0,1.0,1.0,1
q01264,4,type_aware,type_aware,1.0,1.0,1.0,1.0,1
q01266,4,type_aware,type_aware,1.0,1.0,1.0,1.0,1
q01267,4,type_aware,type_aware,1.0,1.0,1.0,1.0,1
q01268,4,type_aware,type_aware,1.0,1.0,1.0,1.0,1
q01269,4,type_aware,type_aware,0.16666666666666666,0.0,0.0,0.0,6
q01270,4,type_aware,type_aware,1.0,1.0,1.0,1.0,1
q01271,4,type_aware,type_aware,0.5,0.0,1.0,1.0,2
q01272,4,type_aware,type_aware,0.5,0.0,1.0,1.0,2
q01273,4,type_aware,type_aware,1.0,1.0,1.0,1.0,1
q01274,4,type_aware,type_aware,1.0,1.0,1.0,1.0,1
q01275,4,type_aware,type_aware,1.0,1.0,1.0,1.0,1
q01276,4,type_aware,type_aware,1.0,1.0,1.0,1.0,1
q01277,4,type_aware,type_aware,1.0,1.0,1.0,1.0,1
q01278,4,type_aware,type_aware,1.0,1.0,1.0,1.0,1
q01279,4,type_aware,type_aware,0.5,0.0,1.0,1.0,2
q01280,4,type_aware,type_aware,1.0,1.0,1.0,1.0,1
q01281,4,type_aware,type_aware,1.0,1.0,1.0,1.0,1
q01282,4,type_aware,type_aware,1.0,1.0,1.0,1.0,1
q01283,4,type_aware,type_aware,1.0,1.0,1.0,1.0,1
q01284,4,type_aware,type_aware,1.0,1.0,1.0,1.0,1
q01285,4,type_aware,type_aware,1.0,1.0,1.0,1.0,1
q01286,4,type_aware,type_aware,0.5,0.0,1.0,1.0,2
q01287,4,type_aware,type_aware,0.5,0.0,1.0,1.0,2
q01288,4,type_aware,type_aware,1.0,1.0,1.0,1.0,1
q01289,4,type_aware,type_aware,1.0,1.0,1.0,1.0,1
q01290,4,type_aware,type_aware,1.0,1.0,1.0,1.0,1
q01291,4,type_aware,type_aware,1.0,1.0,1.0,1.0,1
q01292,4,type_aware,type_aware,1.0,1.0,1.0,1.0,1
q01293,4,type_aware,type_aware,0.5,0.0,1.0,1.0,2
q01294,4,type_aware,type_aware,0.5,0.0,1.0,1.0,2
q01295,4,type_aware,type_aware,0.125,0.0,0.0,0.0,8
q01296,4,type_aware,type_aware,1.0,1.0,1.0,1.0,1
q01297,4,type_aware,type_aware,1.0,1.0,1.0,1.0,1
q01298,4,type_aware,type_aware,1.0,1.0,1.0,1.0,1
q01299,4,type_aware,type_aware,0.5,0.0,1.0,1.0,2
q01300,4,type_aware,type_aware,0.5,0.0,1.0,1.0,2
q01301,4,type_aware,type_aware,1.0,1.0,1.0,1.0,1
q01302,4,type_aware,type_aware,0.2,0.0,0.0,1.0,5
q01303,4,type_aware,type_aware,1.0,1.0,1.0,1.0,1
q01304,4,type_aware,type_aware,0.5,0.0,1.0,1.0,2
q01308,5,type_aware,type_aware,0.001976284584980237,0.0,0.0,0.0,506
q01309,5,type_aware,type_aware,0.09090909090909091,0.0,0.0,0.0,11
q01310,5,type_aware,type_aware,0.1111111111111111,0.0,0.0,0.0,9
q01311,5,type_aware,type_aware,0.0022371364653243847,0.0,0.0,0.0,447
q01312,5,type_aware,type_aware,0.047619047619047616,0.0,0.0,0.0,21
q01313,5,type_aware,type_aware,1.0,1.0,1.0,1.0,1
q01314,5,type_aware,type_aware,0.16666666666666666,0.0,0.0,0.0,6
q01316,5,type_aware,type_aware,0.5,0.0,1.0,1.0,2
q01317,5,type_aware,type_aware,0.16666666666666666,0.0,0.0,0.0,6
q01318,5,type_aware,type_aware,0.3333333333333333,0.0,1.0,1.0,3
q01320,5,type_aware,type_aware,0.038461538461538464,0.0,0.0,0.0,26
q01321,5,type_aware,type_aware,0.07692307692307693,0.0,0.0,0.0,13
q01322,5,type_aware,type_aware,1.0,1.0,1.0,1.0,1
q01324,5,type_aware,type_aware,1.0,1.0,1.0,1.0,1
q01325,5,type_aware,type_aware,1.0,1.0,1.0,1.0,1
q01326,5,type_aware,type_aware,1.0,1.0,1.0,1.0,1
q01327,5,type_aware,type_aware,0.125,0.0,0.0,0.0,8
q01328,5,type_aware,type_aware,1.0,1.0,1.0,1.0,1
q01329,5,type_aware,type_aware,1.0,1.0,1.0,1.0,1
q01330,5,type_aware,type_aware,1.0,1.0,1.0,1.0,1
q01331,5,type_aware,type_aware,1.0,1.0,1.0,1.0,1
q01332,5,type_aware,type_aware,1.0,1.0,1.0,1.0,1
q01333,5,type_aware,type_aware,0.5,0.0,1.0,1.0,2
q01334,5,type_aware,type_aware,0.5,0.0,1.0,1.0,2
q01335,5,type_aware,type_aware,0.5,0.0,1.0,1.0,2
q01336,5,type_aware,type_aware,0.3333333333333333,0.0,1.0,1.0,3
q01337,5,type_aware,type_aware,0.5,0.0,1.0,1.0,2
q01338,5,type_aware,type_aware,0.5,0.0,1.0,1.0,2
q01339,5,type_aware,type_aware,1.0,1.0,1.0,1.0,1
q01340,5,type_aware,type_aware,0.125,0.0,0.0,0.0,8
q01341,5,type_aware,type_aware,0.1111111111111111,0.0,0.0,0.0,9
q01342,5,type_aware,type_aware,1.0,1.0,1.0,1.0,1
q01343,5,type_aware,type_aware,0.07142857142857142,0.0,0.0,0.0,14
q01344,5,type_aware,type_aware,1.0,1.0,1.0,1.0,1
q01345,5,type_aware,type_aware,0.043478260869565216,0.0,0.0,0.0,23
q01348,2,type_aware,type_aware,0.09090909090909091,0.0,0.0,0.0,11
q01349,1,type_aware,type_aware,0.25,0.0,0.0,1.0,4
q01350,2,type_aware,type_aware,0.3333333333333333,0.0,1.0,1.0,3
q01351,2,type_aware,type_aware,1.0,1.0,1.0,1.0,1
q01352,2,type_aware,type_aware,0.5,0.0,1.0,1.0,2
q01353,3,type_aware,type_aware,1.0,1.0,1.0,1.0,1
q01354,1,type_aware,type_aware,0.027777777777777776,0.0,0.0,0.0,36
q01355,2,type_aware,type_aware,1.0,1.0,1.0,1.0,1
q01356,1,type_aware,type_aware,0.5,0.0,1.0,1.0,2
q01357,2,type_aware,type_aware,1.0,1.0,1.0,1.0,1
q01358,2,type_aware,type_aware,1.0,1.0,1.0,1.0,1
q01359,3,type_aware,type_aware,1.0,1.0,1.0,1.0,1
q01360,2,type_aware,type_aware,0.125,0.0,0.0,0.0,8
q01361,1,type_aware,type_aware,0.047619047619047616,0.0,0.0,0.0,21
q01362,1,type_aware,type_aware,1.0,1.0,1.0,1.0,1
q01363,4,type_aware,type_aware,0.5,0.0,1.0,1.0,2
q01364,4,type_aware,type_aware,0.25,0.0,0.0,1.0,4
q01365,2,type_aware,type_aware,0.2,0.0,0.0,1.0,5
q01366,3,type_aware,type_aware,0.5,0.0,1.0,1.0,2
q01367,1,type_aware,type_aware,0.06666666666666667,0.0,0.0,0.0,15
q01368,1,type_aware,type_aware,0.3333333333333333,0.0,1.0,1.0,3
q01369,2,type_aware,type_aware,1.0,1.0,1.0,1.0,1
q01370,2,type_aware,type_aware,0.5,0.0,1.0,1.0,2
q01371,3,type_aware,type_aware,0.010309278350515464,0.0,0.0,0.0,97
q01372,1,type_aware,type_aware,1.0,1.0,1.0,1.0,1
q01373,4,type_aware,type_aware,0.09090909090909091,0.0,0.0,0.0,11
q01374,2,type_aware,type_aware,0.5,0.0,1.0,1.0,2
q01375,2,type_aware,type_aware,1.0,1.0,1.0,1.0,1
q01376,3,type_aware,type_aware,1.0,1.0,1.0,1.0,1
q01377,2,type_aware,type_aware,1.0,1.0,1.0,1.0,1
q01378,2,type_aware,type_aware,1.0,1.0,1.0,1.0,1
q01379,2,type_aware,type_aware,1.0,1.0,1.0,1.0,1
q01380,2,type_aware,type_aware,1.0,1.0,1.0,1.0,1
q01381,4,type_aware,type_aware,1.0,1.0,1.0,1.0,1
q01382,2,type_aware,type_aware,0.14285714285714285,0.0,0.0,0.0,7
q01383,2,type_aware,type_aware,1.0,1.0,1.0,1.0,1
q01384,3,type_aware,type_aware,0.1,0.0,0.0,0.0,10
q01385,2,type_aware,type_aware,1.0,1.0,1.0,1.0,1
q01386,2,type_aware,type_aware,1.0,1.0,1.0,1.0,1
q01387,1,type_aware,type_aware,0.25,0.0,0.0,1.0,4
q01388,3,type_aware,type_aware,0.09090909090909091,0.0,0.0,0.0,11
q01389,1,type_aware,type_aware,0.3333333333333333,0.0,1.0,1.0,3
q01390,4,type_aware,type_aware,0.06666666666666667,0.0,0.0,0.0,15
q01391,2,type_aware,type_aware,0.1,0.0,0.0,0.0,10
q01392,2,type_aware,type_aware,1.0,1.0,1.0,1.0,1
q01393,2,type_aware,type_aware,0.3333333333333333,0.0,1.0,1.0,3
q01394,2,type_aware,type_aware,1.0,1.0,1.0,1.0,1
q01395,2,type_aware,type_aware,1.0,1.0,1.0,1.0,1
q01396,3,type_aware,type_aware,0.08333333333333333,0.0,0.0,0.0,12
q01397,4,type_aware,type_aware,1.0,1.0,1.0,1.0,1
q01398,2,type_aware,type_aware,0.1,0.0,0.0,0.0,10
q01399,2,type_aware,type_aware,1.0,1.0,1.0,1.0,1
q01400,2,type_aware,type_aware,1.0,1.0,1.0,1.0,1
q01401,2,type_aware,type_aware,0.5,0.0,1.0,1.0,2
q01402,2,type_aware,type_aware,0.25,0.0,0.0,1.0,4
q01403,2,type_aware,type_aware,0.3333333333333333,0.0,1.0,1.0,3
q01404,2,type_aware,type_aware,1.0,1.0,1.0,1.0,1
q01405,2,type_aware,type_aware,1.0,1.0,1.0,1.0,1
q01406,4,type_aware,type_aware,0.03225806451612903,0.0,0.0,0.0,31
q01407,4,type_aware,type_aware,0.3333333333333333,0.0,1.0,1.0,3
q01408,2,type_aware,type_aware,1.0,1.0,1.0,1.0,1
q01409,4,type_aware,type_aware,0.125,0.0,0.0,0.0,8
q01410,4,type_aware,type_aware,0.16666666666666666,0.0,0.0,0.0,6
q01411,4,type_aware,type_aware,0.5,0.0,1.0,1.0,2
q01412,4,type_aware,type_aware,1.0,1.0,1.0,1.0,1
q01413,2,type_aware,type_aware,0.043478260869565216,0.0,0.0,0.0,23
q01414,2,type_aware,type_aware,1.0,1.0,1.0,1.0,1
q01415,4,type_aware,type_aware,1.0,1.0,1.0,1.0,1
q01416,2,type_aware,type_aware,0.25,0.0,0.0,1.0,4
q01417,4,type_aware,type_aware,1.0,1.0,1.0,1.0,1
q01418,3,type_aware,type_aware,1.0,1.0,1.0,1.0,1
q01420,4,type_aware,type_aware,1.0,1.0,1.0,1.0,1
q01421,1,type_aware,type_aware,1.0,1.0,1.0,1.0,1
q01423,3,type_aware,type_aware,1.0,1.0,1.0,1.0,1
q01424,2,type_aware,type_aware,1.0,1.0,1.0,1.0,1
q01425,1,type_aware,type_aware,1.0,1.0,1.0,1.0,1
q01426,2,type_aware,type_aware,0.004761904761904762,0.0,0.0,0.0,210
q01427,1,type_aware,type_aware,1.0,1.0,1.0,1.0,1
q01428,1,type_aware,type_aware,1.0,1.0,1.0,1.0,1
q01429,2,type_aware,type_aware,1.0,1.0,1.0,1.0,1
q01430,1,type_aware,type_aware,0.08333333333333333,0.0,0.0,0.0,12
q01431,1,type_aware,type_aware,1.0,1.0,1.0,1.0,1
q01432,1,type_aware,type_aware,0.125,0.0,0.0,0.0,8
q01433,1,type_aware,type_aware,1.0,1.0,1.0,1.0,1
q01434,1,type_aware,type_aware,0.3333333333333333,0.0,1.0,1.0,3
q01435,1,type_aware,type_aware,1.0,1.0,1.0,1.0,1
q01436,1,type_aware,type_aware,0.125,0.0,0.0,0.0,8
q01437,4,type_aware,type_aware,0.25,0.0,0.0,1.0,4
q01438,4,type_aware,type_aware,0.09090909090909091,0.0,0.0,0.0,11
q01439,4,type_aware,type_aware,0.06666666666666667,0.0,0.0,0.0,15
q01440,4,type_aware,type_aware,0.03225806451612903,0.0,0.0,0.0,31
q01441,4,type_aware,type_aware,0.125,0.0,0.0,0.0,8
q01442,4,type_aware,type_aware,0.16666666666666666,0.0,0.0,0.0,6
q01443,4,type_aware,type_aware,0.5,0.0,1.0,1.0,2
q01444,4,type_aware,type_aware,1.0,1.0,1.0,1.0,1
q01445,4,type_aware,type_aware,1.0,1.0,1.0,1.0,1
q01446,4,type_aware,type_aware,1.0,1.0,1.0,1.0,1
q01448,4,type_aware,type_aware,0.5,0.0,1.0,1.0,2
q01449,4,type_aware,type_aware,0.2,0.0,0.0,1.0,5
q01450,4,type_aware,type_aware,0.2,0.0,0.0,1.0,5
q01451,4,type_aware,type_aware,1.0,1.0,1.0,1.0,1
q01452,4,type_aware,type_aware,0.1,0.0,0.0,0.0,10
q01453,4,type_aware,type_aware,0.3333333333333333,0.0,1.0,1.0,3
q01454,4,type_aware,type_aware,0.05555555555555555,0.0,0.0,0.0,18
q01455,4,type_aware,type_aware,0.3333333333333333,0.0,1.0,1.0,3
q01456,4,type_aware,type_aware,0.5,0.0,1.0,1.0,2
q01457,4,type_aware,type_aware,0.037037037037037035,0.0,0.0,0.0,27
q01458,4,type_aware,type_aware,1.0,1.0,1.0,1.0,1
q01459,4,type_aware,type_aware,1.0,1.0,1.0,1.0,1
q01460,4,type_aware,type_aware,1.0,1.0,1.0,1.0,1
q01461,4,type_aware,type_aware,1.0,1.0,1.0,1.0,1
q01462,4,type_aware,type_aware,1.0,1.0,1.0,1.0,1
q01463,4,type_aware,type_aware,1.0,1.0,1.0,1.0,1
q01464,4,type_aware,type_aware,0.018867924528301886,0.0,0.0,0.0,53
q01465,4,type_aware,type_aware,0.25,0.0,0.0,1.0,4
q01466,4,type_aware,type_aware,1.0,1.0,1.0,1.0,1
q01467,4,type_aware,type_aware,1.0,1.0,1.0,1.0,1
q01468,4,type_aware,type_aware,0.14285714285714285,0.0,0.0,0.0,7
q01469,4,type_aware,type_aware,0.1111111111111111,0.0,0.0,0.0,9
q01470,4,type_aware,type_aware,1.0,1.0,1.0,1.0,1
q01471,4,type_aware,type_aware,1.0,1.0,1.0,1.0,1
q01472,4,type_aware,type_aware,0.3333333333333333,0.0,1.0,1.0,3
q01473,4,type_aware,type_aware,0.5,0.0,1.0,1.0,2
q01474,4,type_aware,type_aware,0.06666666666666667,0.0,0.0,0.0,15
q01475,4,type_aware,type_aware,1.0,1.0,1.0,1.0,1
q01476,4,type_aware,type_aware,1.0,1.0,1.0,1.0,1
q01477,4,type_aware,type_aware,1.0,1.0,1.0,1.0,1
q01478,4,type_aware,type_aware,1.0,1.0,1.0,1.0,1
q01479,4,type_aware,type_aware,1.0,1.0,1.0,1.0,1
q01480,4,type_aware,type_aware,1.0,1.0,1.0,1.0,1
q01481,4,type_aware,type_aware,0.02631578947368421,0.0,0.0,0.0,38
q01482,4,type_aware,type_aware,0.5,0.0,1.0,1.0,2
q01483,4,type_aware,type_aware,0.25,0.0,0.0,1.0,4
q01484,4,type_aware,type_aware,1.0,1.0,1.0,1.0,1
q01485,4,type_aware,type_aware,1.0,1.0,1.0,1.0,1
q01487,4,type_aware,type_aware,1.0,1.0,1.0,1.0,1
q01488,4,type_aware,type_aware,0.1111111111111111,0.0,0.0,0.0,9
q01489,4,type_aware,type_aware,0.5,0.0,1.0,1.0,2
q01490,4,type_aware,type_aware,1.0,1.0,1.0,1.0,1
q01491,4,type_aware,type_aware,1.0,1.0,1.0,1.0,1
q01492,4,type_aware,type_aware,0.5,0.0,1.0,1.0,2
q01493,4,type_aware,type_aware,1.0,1.0,1.0,1.0,1
q01494,4,type_aware,type_aware,0.25,0.0,0.0,1.0,4
q01495,4,type_aware,type_aware,1.0,1.0,1.0,1.0,1
q01496,4,type_aware,type_aware,1.0,1.0,1.0,1.0,1
q01497,4,type_aware,type_aware,0.011764705882352941,0.0,0.0,0.0,85
q01498,4,type_aware,type_aware,0.1111111111111111,0.0,0.0,0.0,9
q01499,4,type_aware,type_aware,1.0,1.0,1.0,1.0,1
q01501,4,type_aware,type_aware,1.0,1.0,1.0,1.0,1
q01502,4,type_aware,type_aware,1.0,1.0,1.0,1.0,1
q01503,4,type_aware,type_aware,0.0035460992907801418,0.0,0.0,0.0,282
q01504,4,type_aware,type_aware,1.0,1.0,1.0,1.0,1
q01505,4,type_aware,type_aware,1.0,1.0,1.0,1.0,1
q01506,4,type_aware,type_aware,0.125,0.0,0.0,0.0,8
q01507,4,type_aware,type_aware,0.025,0.0,0.0,0.0,40
q01508,4,type_aware,type_aware,1.0,1.0,1.0,1.0,1
q01509,4,type_aware,type_aware,0.3333333333333333,0.0,1.0,1.0,3
q01510,4,type_aware,type_aware,0.3333333333333333,0.0,1.0,1.0,3
q01511,4,type_aware,type_aware,1.0,1.0,1.0,1.0,1
q01512,4,type_aware,type_aware,1.0,1.0,1.0,1.0,1
q01513,4,type_aware,type_aware,1.0,1.0,1.0,1.0,1
q01514,4,type_aware,type_aware,0.2,0.0,0.0,1.0,5
q01515,4,type_aware,type_aware,1.0,1.0,1.0,1.0,1
q01516,4,type_aware,type_aware,1.0,1.0,1.0,1.0,1
q01517,4,type_aware,type_aware,0.024390243902439025,0.0,0.0,0.0,41
q01518,4,type_aware,type_aware,1.0,1.0,1.0,1.0,1
q01519,4,type_aware,type_aware,1.0,1.0,1.0,1.0,1
q01520,4,type_aware,type_aware,1.0,1.0,1.0,1.0,1
q01521,4,type_aware,type_aware,0.5,0.0,1.0,1.0,2
q01523,4,type_aware,type_aware,1.0,1.0,1.0,1.0,1
q01525,4,type_aware,type_aware,0.037037037037037035,0.0,0.0,0.0,27
q01526,4,type_aware,type_aware,0.0625,0.0,0.0,0.0,16
q01527,4,type_aware,type_aware,0.16666666666666666,0.0,0.0,0.0,6
q01529,4,type_aware,type_aware,1.0,1.0,1.0,1.0,1
q01530,4,type_aware,type_aware,1.0,1.0,1.0,1.0,1
q01531,4,type_aware,type_aware,1.0,1.0,1.0,1.0,1
q01532,4,type_aware,type_aware,1.0,1.0,1.0,1.0,1
q01533,4,type_aware,type_aware,0.25,0.0,0.0,1.0,4
q01534,4,type_aware,type_aware,1.0,1.0,1.0,1.0,1
q01535,4,type_aware,type_aware,1.0,1.0,1.0,1.0,1
q01536,4,type_aware,type_aware,1.0,1.0,1.0,1.0,1
q01537,4,type_aware,type_aware,1.0,1.0,1.0,1.0,1
q01538,4,type_aware,type_aware,1.0,1.0,1.0,1.0,1
q01539,5,type_aware,type_aware,0.0031545741324921135,0.0,0.0,0.0,317
q01540,5,type_aware,type_aware,0.0022935779816513763,0.0,0.0,0.0,436
q01541,5,type_aware,type_aware,0.019230769230769232,0.0,0.0,0.0,52
q01542,5,type_aware,type_aware,1.0,1.0,1.0,1.0,1
q01543,5,type_aware,type_aware,0.3333333333333333,0.0,1.0,1.0,3
q01544,5,type_aware,type_aware,0.14285714285714285,0.0,0.0,0.0,7
q01545,5,type_aware,type_aware,0.5,0.0,1.0,1.0,2
q01546,5,type_aware,type_aware,0.0025252525252525255,0.0,0.0,0.0,396
q01547,5,type_aware,type_aware,0.0025575447570332483,0.0,0.0,0.0,391
q01548,5,type_aware,type_aware,1.0,1.0,1.0,1.0,1
q01549,5,type_aware,type_aware,1.0,1.0,1.0,1.0,1
q01550,5,type_aware,type_aware,0.07142857142857142,0.0,0.0,0.0,14
q01551,5,type_aware,type_aware,0.5,0.0,1.0,1.0,2
q01552,5,type_aware,type_aware,1.0,1.0,1.0,1.0,1
q01553,5,type_aware,type_aware,1.0,1.0,1.0,1.0,1
q01554,5,type_aware,type_aware,0.022727272727272728,0.0,0.0,0.0,44
q01555,5,type_aware,type_aware,1.0,1.0,1.0,1.0,1
q01556,5,type_aware,type_aware,0.03125,0.0,0.0,0.0,32
q01557,5,type_aware,type_aware,0.1111111111111111,0.0,0.0,0.0,9
q01558,5,type_aware,type_aware,1.0,1.0,1.0,1.0,1
q01559,5,type_aware,type_aware,0.16666666666666666,0.0,0.0,0.0,6
q01560,5,type_aware,type_aware,0.015384615384615385,0.0,0.0,0.0,65
q01562,5,type_aware,type_aware,1.0,1.0,1.0,1.0,1
q01563,5,type_aware,type_aware,0.5,0.0,1.0,1.0,2
q01564,5,type_aware,type_aware,1.0,1.0,1.0,1.0,1
q01565,5,type_aware,type_aware,1.0,1.0,1.0,1.0,1
q01566,5,type_aware,type_aware,0.006802721088435374,0.0,0.0,0.0,147
q01567,5,type_aware,type_aware,0.0064516129032258064,0.0,0.0,0.0,155
q01569,5,type_aware,type_aware,1.0,1.0,1.0,1.0,1
q01570,5,type_aware,type_aware,0.0011123470522803114,0.0,0.0,0.0,899
q01571,5,type_aware,type_aware,0.023809523809523808,0.0,0.0,0.0,42
q01572,5,type_aware,type_aware,0.016129032258064516,0.0,0.0,0.0,62
q01573,5,type_aware,type_aware,0.03571428571428571,0.0,0.0,0.0,28
q01574,5,type_aware,type_aware,1.0,1.0,1.0,1.0,1
q01575,5,type_aware,type_aware,1.0,1.0,1.0,1.0,1
q01576,5,type_aware,type_aware,0.125,0.0,0.0,0.0,8
q01577,5,type_aware,type_aware,0.3333333333333333,0.0,1.0,1.0,3
q01578,5,type_aware,type_aware,1.0,1.0,1.0,1.0,1
q01579,5,type_aware,type_aware,1.0,1.0,1.0,1.0,1
q01580,5,type_aware,type_aware,0.3333333333333333,0.0,1.0,1.0,3
q01582,5,type_aware,type_aware,0.07142857142857142,0.0,0.0,0.0,14
q01583,5,type_aware,type_aware,0.5,0.0,1.0,1.0,2
q01584,5,type_aware,type_aware,0.09090909090909091,0.0,0.0,0.0,11
q01585,5,type_aware,type_aware,1.0,1.0,1.0,1.0,1
q01586,5,type_aware,type_aware,0.2,0.0,0.0,1.0,5
q01587,1,type_aware,type_aware,1.0,1.0,1.0,1.0,1
q01588,1,type_aware,type_aware,0.1,0.0,0.0,0.0,10
q01589,1,type_aware,type_aware,0.5,0.0,1.0,1.0,2
q01590,1,type_aware,type_aware,0.5,0.0,1.0,1.0,2
q01591,2,type_aware,type_aware,0.5,0.0,1.0,1.0,2
q01592,3,type_aware,type_aware,0.014925373134328358,0.0,0.0,0.0,67
q01593,1,type_aware,type_aware,0.03225806451612903,0.0,0.0,0.0,31
q01594,1,type_aware,type_aware,1.0,1.0,1.0,1.0,1
q01595,1,type_aware,type_aware,0.5,0.0,1.0,1.0,2
q01596,2,type_aware,type_aware,1.0,1.0,1.0,1.0,1
q01597,3,type_aware,type_aware,0.3333333333333333,0.0,1.0,1.0,3
q01598,1,type_aware,type_aware,0.5,0.0,1.0,1.0,2
q01599,2,type_aware,type_aware,1.0,1.0,1.0,1.0,1
q01600,2,type_aware,type_aware,1.0,1.0,1.0,1.0,1
q01601,1,type_aware,type_aware,1.0,1.0,1.0,1.0,1
q01602,1,type_aware,type_aware,0.25,0.0,0.0,1.0,4
q01603,1,type_aware,type_aware,1.0,1.0,1.0,1.0,1
q01604,2,type_aware,type_aware,1.0,1.0,1.0,1.0,1
q01605,1,type_aware,type_aware,0.05,0.0,0.0,0.0,20
q01606,3,type_aware,type_aware,0.25,0.0,0.0,1.0,4
q01607,3,type_aware,type_aware,0.2,0.0,0.0,1.0,5
q01608,1,type_aware,type_aware,1.0,1.0,1.0,1.0,1
q01609,2,type_aware,type_aware,0.0625,0.0,0.0,0.0,16
q01610,2,type_aware,type_aware,1.0,1.0,1.0,1.0,1
q01611,2,type_aware,type_aware,0.0009861932938856016,0.0,0.0,0.0,1014
q01612,2,type_aware,type_aware,0.25,0.0,0.0,1.0,4
q01613,1,type_aware,type_aware,1.0,1.0,1.0,1.0,1
q01614,3,type_aware,type_aware,0.03125,0.0,0.0,0.0,32
q01615,1,type_aware,type_aware,0.16666666666666666,0.0,0.0,0.0,6
q01616,1,type_aware,type_aware,0.5,0.0,1.0,1.0,2
q01617,2,type_aware,type_aware,1.0,1.0,1.0,1.0,1
q01619,1,type_aware,type_aware,0.04,0.0,0.0,0.0,25
q01620,1,type_aware,type_aware,1.0,1.0,1.0,1.0,1
q01621,1,type_aware,type_aware,1.0,1.0,1.0,1.0,1
q01622,2,type_aware,type_aware,1.0,1.0,1.0,1.0,1
q01623,1,type_aware,type_aware,1.0,1.0,1.0,1.0,1
q01624,1,type_aware,type_aware,1.0,1.0,1.0,1.0,1
q01626,2,type_aware,type_aware,1.0,1.0,1.0,1.0,1
q01627,2,type_aware,type_aware,1.0,1.0,1.0,1.0,1
q01628,2,type_aware,type_aware,1.0,1.0,1.0,1.0,1
q01629,1,type_aware,type_aware,1.0,1.0,1.0,1.0,1
q01630,3,type_aware,type_aware,0.2,0.0,0.0,1.0,5
q01631,1,type_aware,type_aware,1.0,1.0,1.0,1.0,1
q01632,2,type_aware,type_aware,0.018518518518518517,0.0,0.0,0.0,54
q01634,2,type_aware,type_aware,1.0,1.0,1.0,1.0,1
q01635,1,type_aware,type_aware,1.0,1.0,1.0,1.0,1
q01636,1,type_aware,type_aware,1.0,1.0,1.0,1.0,1
q01637,1,type_aware,type_aware,0.16666666666666666,0.0,0.0,0.0,6
q01638,3,type_aware,type_aware,0.05,0.0,0.0,0.0,20
q01639,2,type_aware,type_aware,0.16666666666666666,0.0,0.0,0.0,6
q01640,2,type_aware,type_aware,0.25,0.0,0.0,1.0,4
q01641,1,type_aware,type_aware,0.09090909090909091,0.0,0.0,0.0,11
q01642,1,type_aware,type_aware,0.5,0.0,1.0,1.0,2
q01643,1,type_aware,type_aware,1.0,1.0,1.0,1.0,1
q01644,3,type_aware,type_aware,0.1,0.0,0.0,0.0,10
q01645,2,type_aware,type_aware,1.0,1.0,1.0,1.0,1
q01646,2,type_aware,type_aware,0.25,0.0,0.0,1.0,4
q01647,2,type_aware,type_aware,1.0,1.0,1.0,1.0,1
q01648,2,type_aware,type_aware,1.0,1.0,1.0,1.0,1
q01649,1,type_aware,type_aware,0.08333333333333333,0.0,0.0,0.0,12
q01650,2,type_aware,type_aware,1.0,1.0,1.0,1.0,1
q01651,1,type_aware,type_aware,0.3333333333333333,0.0,1.0,1.0,3
q01652,3,type_aware,type_aware,1.0,1.0,1.0,1.0,1
q01653,2,type_aware,type_aware,1.0,1.0,1.0,1.0,1
q01654,2,type_aware,type_aware,1.0,1.0,1.0,1.0,1
q01655,2,type_aware,type_aware,0.041666666666666664,0.0,0.0,0.0,24
q01656,1,type_aware,type_aware,0.5,0.0,1.0,1.0,2
q01657,2,type_aware,type_aware,0.0625,0.0,0.0,0.0,16
q01658,3,type_aware,type_aware,0.16666666666666666,0.0,0.0,0.0,6
q01659,1,type_aware,type_aware,0.25,0.0,0.0,1.0,4
q01660,2,type_aware,type_aware,1.0,1.0,1.0,1.0,1
q01661,2,type_aware,type_aware,1.0,1.0,1.0,1.0,1
q01662,2,type_aware,type_aware,1.0,1.0,1.0,1.0,1
q01663,2,type_aware,type_aware,0.5,0.0,1.0,1.0,2
q01664,1,type_aware,type_aware,0.1,0.0,0.0,0.0,10
q01665,1,type_aware,type_aware,1.0,1.0,1.0,1.0,1
q01666,2,type_aware,type_aware,1.0,1.0,1.0,1.0,1
q01667,2,type_aware,type_aware,0.5,0.0,1.0,1.0,2
q01668,1,type_aware,type_aware,1.0,1.0,1.0,1.0,1
q01669,1,type_aware,type_aware,1.0,1.0,1.0,1.0,1
q01670,4,type_aware,type_aware,0.5,0.0,1.0,1.0,2
q01671,4,type_aware,type_aware,0.5,0.0,1.0,1.0,2
q01672,4,type_aware,type_aware,1.0,1.0,1.0,1.0,1
q01674,4,type_aware,type_aware,0.5,0.0,1.0,1.0,2
q01675,4,type_aware,type_aware,1.0,1.0,1.0,1.0,1
q01676,4,type_aware,type_aware,0.16666666666666666,0.0,0.0,0.0,6
q01677,4,type_aware,type_aware,0.2,0.0,0.0,1.0,5
q01678,4,type_aware,type_aware,1.0,1.0,1.0,1.0,1
q01679,4,type_aware,type_aware,1.0,1.0,1.0,1.0,1
q01680,4,type_aware,type_aware,1.0,1.0,1.0,1.0,1
q01681,4,type_aware,type_aware,1.0,1.0,1.0,1.0,1
q01682,4,type_aware,type_aware,0.06666666666666667,0.0,0.0,0.0,15
q01683,4,type_aware,type_aware,0.14285714285714285,0.0,0.0,0.0,7
q01684,4,type_aware,type_aware,0.06666666666666667,0.0,0.0,0.0,15
q01685,4,type_aware,type_aware,0.058823529411764705,0.0,0.0,0.0,17
q01687,4,type_aware,type_aware,1.0,1.0,1.0,1.0,1
q01688,4,type_aware,type_aware,1.0,1.0,1.0,1.0,1
q01689,4,type_aware,type_aware,0.5,0.0,1.0,1.0,2
q01690,4,type_aware,type_aware,0.01818181818181818,0.0,0.0,0.0,55
q01691,4,type_aware,type_aware,1.0,1.0,1.0,1.0,1
q01692,4,type_aware,type_aware,1.0,1.0,1.0,1.0,1
q01693,4,type_aware,type_aware,1.0,1.0,1.0,1.0,1
q01694,4,type_aware,type_aware,1.0,1.0,1.0,1.0,1
q01695,4,type_aware,type_aware,1.0,1.0,1.0,1.0,1
q01696,4,type_aware,type_aware,1.0,1.0,1.0,1.0,1
q01697,4,type_aware,type_aware,0.07692307692307693,0.0,0.0,0.0,13
q01698,4,type_aware,type_aware,1.0,1.0,1.0,1.0,1
q01700,4,type_aware,type_aware,1.0,1.0,1.0,1.0,1
q01701,4,type_aware,type_aware,0.034482758620689655,0.0,0.0,0.0,29
q01702,4,type_aware,type_aware,0.024390243902439025,0.0,0.0,0.0,41
q01703,4,type_aware,type_aware,0.07142857142857142,0.0,0.0,0.0,14
q01704,4,type_aware,type_aware,1.0,1.0,1.0,1.0,1
q01705,4,type_aware,type_aware,0.07142857142857142,0.0,0.0,0.0,14
q01706,4,type_aware,type_aware,1.0,1.0,1.0,1.0,1
q01707,4,type_aware,type_aware,0.25,0.0,0.0,1.0,4
q01708,4,type_aware,type_aware,0.3333333333333333,0.0,1.0,1.0,3
q01709,4,type_aware,type_aware,0.04,0.0,0.0,0.0,25
q01710,4,type_aware,type_aware,1.0,1.0,1.0,1.0,1
q01711,4,type_aware,type_aware,1.0,1.0,1.0,1.0,1
q01712,4,type_aware,type_aware,1.0,1.0,1.0,1.0,1
q01713,4,type_aware,type_aware,1.0,1.0,1.0,1.0,1
q01714,4,type_aware,type_aware,0.125,0.0,0.0,0.0,8
q01715,4,type_aware,type_aware,1.0,1.0,1.0,1.0,1
q01716,4,type_aware,type_aware,1.0,1.0,1.0,1.0,1
q01718,4,type_aware,type_aware,0.5,0.0,1.0,1.0,2
q01720,4,type_aware,type_aware,0.023255813953488372,0.0,0.0,0.0,43
q01721,4,type_aware,type_aware,1.0,1.0,1.0,1.0,1
q01722,4,type_aware,type_aware,1.0,1.0,1.0,1.0,1
q01724,4,type_aware,type_aware,1.0,1.0,1.0,1.0,1
q01725,4,type_aware,type_aware,1.0,1.0,1.0,1.0,1
q01727,4,type_aware,type_aware,0.3333333333333333,0.0,1.0,1.0,3
q01729,4,type_aware,type_aware,0.0625,0.0,0.0,0.0,16
q01730,4,type_aware,type_aware,1.0,1.0,1.0,1.0,1
q01731,4,type_aware,type_aware,0.2,0.0,0.0,1.0,5
q01732,4,type_aware,type_aware,1.0,1.0,1.0,1.0,1
q01733,4,type_aware,type_aware,1.0,1.0,1.0,1.0,1
q01734,4,type_aware,type_aware,1.0,1.0,1.0,1.0,1
q01735,4,type_aware,type_aware,1.0,1.0,1.0,1.0,1
q01736,4,type_aware,type_aware,0.5,0.0,1.0,1.0,2
q01737,4,type_aware,type_aware,1.0,1.0,1.0,1.0,1
q01738,4,type_aware,type_aware,1.0,1.0,1.0,1.0,1
q01740,4,type_aware,type_aware,1.0,1.0,1.0,1.0,1
q01741,4,type_aware,type_aware,0.3333333333333333,0.0,1.0,1.0,3
q01742,4,type_aware,type_aware,1.0,1.0,1.0,1.0,1
q01743,5,type_aware,type_aware,1.0,1.0,1.0,1.0,1
q01744,5,type_aware,type_aware,0.3333333333333333,0.0,1.0,1.0,3
q01745,5,type_aware,type_aware,0.016129032258064516,0.0,0.0,0.0,62
q01746,5,type_aware,type_aware,0.1,0.0,0.0,0.0,10
q01747,5,type_aware,type_aware,1.0,1.0,1.0,1.0,1
q01748,5,type_aware,type_aware,0.010309278350515464,0.0,0.0,0.0,97
q01749,5,type_aware,type_aware,1.0,1.0,1.0,1.0,1
q01750,5,type_aware,type_aware,1.0,1.0,1.0,1.0,1
q01751,5,type_aware,type_aware,0.002531645569620253,0.0,0.0,0.0,395
q01752,5,type_aware,type_aware,0.002857142857142857,0.0,0.0,0.0,350
q01753,5,type_aware,type_aware,1.0,1.0,1.0,1.0,1
q01754,5,type_aware,type_aware,1.0,1.0,1.0,1.0,1
q01755,5,type_aware,type_aware,0.5,0.0,1.0,1.0,2
q01756,5,type_aware,type_aware,0.3333333333333333,0.0,1.0,1.0,3
q01757,5,type_aware,type_aware,1.0,1.0,1.0,1.0,1
q01758,5,type_aware,type_aware,1.0,1.0,1.0,1.0,1
q01759,5,type_aware,type_aware,0.25,0.0,0.0,1.0,4
q01760,5,type_aware,type_aware,0.3333333333333333,0.0,1.0,1.0,3
q01761,5,type_aware,type_aware,0.0006605019815059445,0.0,0.0,0.0,1514
q01762,5,type_aware,type_aware,1.0,1.0,1.0,1.0,1
q01763,5,type_aware,type_aware,0.002976190476190476,0.0,0.0,0.0,336
q01764,5,type_aware,type_aware,1.0,1.0,1.0,1.0,1
q01765,5,type_aware,type_aware,0.06666666666666667,0.0,0.0,0.0,15
q01766,5,type_aware,type_aware,0.0045662100456621,0.0,0.0,0.0,219
q01767,5,type_aware,type_aware,0.5,0.0,1.0,1.0,2
q01768,5,type_aware,type_aware,1.0,1.0,1.0,1.0,1
q01769,5,type_aware,type_aware,1.0,1.0,1.0,1.0,1
q01770,5,type_aware,type_aware,1.0,1.0,1.0,1.0,1
q01771,5,type_aware,type_aware,1.0,1.0,1.0,1.0,1
q01772,5,type_aware,type_aware,0.5,0.0,1.0,1.0,2
q01773,5,type_aware,type_aware,1.0,1.0,1.0,1.0,1
q01774,5,type_aware,type_aware,0.017543859649122806,0.0,0.0,0.0,57
q01775,5,type_aware,type_aware,0.008,0.0,0.0,0.0,125
q01776,5,type_aware,type_aware,1.0,1.0,1.0,1.0,1
q01777,5,type_aware,type_aware,1.0,1.0,1.0,1.0,1
q01778,5,type_aware,type_aware,1.0,1.0,1.0,1.0,1
q01779,5,type_aware,type_aware,1.0,1.0,1.0,1.0,1
q01780,5,type_aware,type_aware,1.0,1.0,1.0,1.0,1
q01782,5,type_aware,type_aware,0.5,0.0,1.0,1.0,2
q01783,2,type_aware,type_aware,0.125,0.0,0.0,0.0,8
q01784,1,type_aware,type_aware,0.08333333333333333,0.0,0.0,0.0,12
q01785,2,type_aware,type_aware,1.0,1.0,1.0,1.0,1
q01786,1,type_aware,type_aware,0.1111111111111111,0.0,0.0,0.0,9
q01787,3,type_aware,type_aware,0.07142857142857142,0.0,0.0,0.0,14
q01788,1,type_aware,type_aware,0.3333333333333333,0.0,1.0,1.0,3
q01789,1,type_aware,type_aware,0.2,0.0,0.0,1.0,5
q01790,3,type_aware,type_aware,0.3333333333333333,0.0,1.0,1.0,3
q01791,2,type_aware,type_aware,1.0,1.0,1.0,1.0,1
q01792,2,type_aware,type_aware,1.0,1.0,1.0,1.0,1
q01793,2,type_aware,type_aware,1.0,1.0,1.0,1.0,1
q01794,1,type_aware,type_aware,0.009174311926605505,0.0,0.0,0.0,109
q01795,2,type_aware,type_aware,1.0,1.0,1.0,1.0,1
q01796,3,type_aware,type_aware,0.3333333333333333,0.0,1.0,1.0,3
q01797,2,type_aware,type_aware,1.0,1.0,1.0,1.0,1
q01798,1,type_aware,type_aware,1.0,1.0,1.0,1.0,1
q01799,2,type_aware,type_aware,1.0,1.0,1.0,1.0,1
q01800,2,type_aware,type_aware,0.2,0.0,0.0,1.0,5
q01801,1,type_aware,type_aware,1.0,1.0,1.0,1.0,1
q01802,1,type_aware,type_aware,0.3333333333333333,0.0,1.0,1.0,3
q01803,1,type_aware,type_aware,0.05263157894736842,0.0,0.0,0.0,19
q01804,3,type_aware,type_aware,1.0,1.0,1.0,1.0,1
q01805,1,type_aware,type_aware,1.0,1.0,1.0,1.0,1
q01806,1,type_aware,type_aware,0.3333333333333333,0.0,1.0,1.0,3
q01807,1,type_aware,type_aware,1.0,1.0,1.0,1.0,1
q01808,2,type_aware,type_aware,1.0,1.0,1.0,1.0,1
q01809,2,type_aware,type_aware,1.0,1.0,1.0,1.0,1
q01810,2,type_aware,type_aware,0.016129032258064516,0.0,0.0,0.0,62
q01811,1,type_aware,type_aware,0.3333333333333333,0.0,1.0,1.0,3
q01812,1,type_aware,type_aware,0.021739130434782608,0.0,0.0,0.0,46
q01813,1,type_aware,type_aware,1.0,1.0,1.0,1.0,1
q01814,2,type_aware,type_aware,0.125,0.0,0.0,0.0,8
q01815,1,type_aware,type_aware,1.0,1.0,1.0,1.0,1
q01816,1,type_aware,type_aware,1.0,1.0,1.0,1.0,1
q01817,2,type_aware,type_aware,1.0,1.0,1.0,1.0,1
q01818,2,type_aware,type_aware,1.0,1.0,1.0,1.0,1
q01819,2,type_aware,type_aware,0.5,0.0,1.0,1.0,2
q01820,3,type_aware,type_aware,0.07692307692307693,0.0,0.0,0.0,13
q01821,2,type_aware,type_aware,0.5,0.0,1.0,1.0,2
q01823,1,type_aware,type_aware,0.06666666666666667,0.0,0.0,0.0,15
q01824,1,type_aware,type_aware,0.029411764705882353,0.0,0.0,0.0,34
q01826,2,type_aware,type_aware,0.041666666666666664,0.0,0.0,0.0,24
q01827,2,type_aware,type_aware,1.0,1.0,1.0,1.0,1
q01828,1,type_aware,type_aware,0.025,0.0,0.0,0.0,40
q01829,1,type_aware,type_aware,0.5,0.0,1.0,1.0,2
q01830,1,type_aware,type_aware,1.0,1.0,1.0,1.0,1
q01831,2,type_aware,type_aware,0.014285714285714285,0.0,0.0,0.0,70
q01832,1,type_aware,type_aware,1.0,1.0,1.0,1.0,1
q01833,2,type_aware,type_aware,1.0,1.0,1.0,1.0,1
q01834,2,type_aware,type_aware,0.3333333333333333,0.0,1.0,1.0,3
q01835,2,type_aware,type_aware,1.0,1.0,1.0,1.0,1
q01836,1,type_aware,type_aware,0.14285714285714285,0.0,0.0,0.0,7
q01837,1,type_aware,type_aware,1.0,1.0,1.0,1.0,1
q01838,2,type_aware,type_aware,1.0,1.0,1.0,1.0,1
q01839,1,type_aware,type_aware,0.25,0.0,0.0,1.0,4
q01840,2,type_aware,type_aware,0.125,0.0,0.0,0.0,8
q01841,1,type_aware,type_aware,0.125,0.0,0.0,0.0,8
q01842,1,type_aware,type_aware,0.5,0.0,1.0,1.0,2
q01843,1,type_aware,type_aware,1.0,1.0,1.0,1.0,1
q01844,2,type_aware,type_aware,1.0,1.0,1.0,1.0,1
q01845,2,type_aware,type_aware,1.0,1.0,1.0,1.0,1
q01847,1,type_aware,type_aware,1.0,1.0,1.0,1.0,1
q01848,2,type_aware,type_aware,0.5,0.0,1.0,1.0,2
q01849,1,type_aware,type_aware,0.25,0.0,0.0,1.0,4
q01850,2,type_aware,type_aware,0.06666666666666667,0.0,0.0,0.0,15
q01851,2,type_aware,type_aware,0.09090909090909091,0.0,0.0,0.0,11
q01853,2,type_aware,type_aware,0.0006775067750677507,0.0,0.0,0.0,1476
q01854,4,type_aware,type_aware,1.0,1.0,1.0,1.0,1
q01855,4,type_aware,type_aware,1.0,1.0,1.0,1.0,1
q01856,4,type_aware,type_aware,0.5,0.0,1.0,1.0,2
q01857,4,type_aware,type_aware,1.0,1.0,1.0,1.0,1
q01858,4,type_aware,type_aware,0.3333333333333333,0.0,1.0,1.0,3
q01859,4,type_aware,type_aware,0.5,0.0,1.0,1.0,2
q01860,4,type_aware,type_aware,1.0,1.0,1.0,1.0,1
q01861,4,type_aware,type_aware,1.0,1.0,1.0,1.0,1
q01862,4,type_aware,type_aware,0.07142857142857142,0.0,0.0,0.0,14
q01863,4,type_aware,type_aware,0.0029850746268656717,0.0,0.0,0.0,335
q01864,4,type_aware,type_aware,1.0,1.0,1.0,1.0,1
q01865,4,type_aware,type_aware,0.16666666666666666,0.0,0.0,0.0,6
q01866,4,type_aware,type_aware,1.0,1.0,1.0,1.0,1
q01867,4,type_aware,type_aware,0.009708737864077669,0.0,0.0,0.0,103
q01868,4,type_aware,type_aware,1.0,1.0,1.0,1.0,1
q01869,4,type_aware,type_aware,0.2,0.0,0.0,1.0,5
q01871,4,type_aware,type_aware,1.0,1.0,1.0,1.0,1
q01872,4,type_aware,type_aware,0.5,0.0,1.0,1.0,2
q01873,4,type_aware,type_aware,1.0,1.0,1.0,1.0,1
q01874,4,type_aware,type_aware,0.5,0.0,1.0,1.0,2
q01875,4,type_aware,type_aware,0.5,0.0,1.0,1.0,2
q01877,4,type_aware,type_aware,1.0,1.0,1.0,1.0,1
q01878,4,type_aware,type_aware,1.0,1.0,1.0,1.0,1
q01879,4,type_aware,type_aware,0.5,0.0,1.0,1.0,2
q01881,4,type_aware,type_aware,1.0,1.0,1.0,1.0,1
q01882,4,type_aware,type_aware,1.0,1.0,1.0,1.0,1
q01883,4,type_aware,type_aware,1.0,1.0,1.0,1.0,1
q01884,4,type_aware,type_aware,0.2,0.0,0.0,1.0,5
q01885,4,type_aware,type_aware,1.0,1.0,1.0,1.0,1
q01886,4,type_aware,type_aware,1.0,1.0,1.0,1.0,1
q01887,4,type_aware,type_aware,1.0,1.0,1.0,1.0,1
q01888,4,type_aware,type_aware,1.0,1.0,1.0,1.0,1
q01889,4,type_aware,type_aware,1.0,1.0,1.0,1.0,1
q01890,4,type_aware,type_aware,0.045454545454545456,0.0,0.0,0.0,22
q01891,4,type_aware,type_aware,0.5,0.0,1.0,1.0,2
q01892,4,type_aware,type_aware,1.0,1.0,1.0,1.0,1
q01893,4,type_aware,type_aware,0.16666666666666666,0.0,0.0,0.0,6
q01894,4,type_aware,type_aware,1.0,1.0,1.0,1.0,1
q01895,4,type_aware,type_aware,0.25,0.0,0.0,1.0,4
q01896,4,type_aware,type_aware,0.5,0.0,1.0,1.0,2
q01897,4,type_aware,type_aware,1.0,1.0,1.0,1.0,1
q01898,4,type_aware,type_aware,1.0,1.0,1.0,1.0,1
q01899,4,type_aware,type_aware,1.0,1.0,1.0,1.0,1
q01900,4,type_aware,type_aware,0.25,0.0,0.0,1.0,4
q01901,4,type_aware,type_aware,1.0,1.0,1.0,1.0,1
q01902,4,type_aware,type_aware,0.25,0.0,0.0,1.0,4
q01903,4,type_aware,type_aware,0.5,0.0,1.0,1.0,2
q01904,4,type_aware,type_aware,0.5,0.0,1.0,1.0,2
q01905,4,type_aware,type_aware,1.0,1.0,1.0,1.0,1
q01906,4,type_aware,type_aware,0.3333333333333333,0.0,1.0,1.0,3
q01907,4,type_aware,type_aware,0.0053475935828877,0.0,0.0,0.0,187
q01908,4,type_aware,type_aware,0.5,0.0,1.0,1.0,2
q01909,4,type_aware,type_aware,0.3333333333333333,0.0,1.0,1.0,3
q01910,4,type_aware,type_aware,1.0,1.0,1.0,1.0,1
q01911,4,type_aware,type_aware,0.022727272727272728,0.0,0.0,0.0,44
q01912,4,type_aware,type_aware,0.09090909090909091,0.0,0.0,0.0,11
q01913,4,type_aware,type_aware,1.0,1.0,1.0,1.0,1
q01914,4,type_aware,type_aware,1.0,1.0,1.0,1.0,1
q01915,4,type_aware,type_aware,0.25,0.0,0.0,1.0,4
q01916,4,type_aware,type_aware,0.027777777777777776,0.0,0.0,0.0,36
q01917,4,type_aware,type_aware,1.0,1.0,1.0,1.0,1
q01919,4,type_aware,type_aware,0.5,0.0,1.0,1.0,2
q01920,4,type_aware,type_aware,0.14285714285714285,0.0,0.0,0.0,7
q01921,4,type_aware,type_aware,1.0,1.0,1.0,1.0,1
q01922,4,type_aware,type_aware,0.06666666666666667,0.0,0.0,0.0,15
q01923,4,type_aware,type_aware,0.3333333333333333,0.0,1.0,1.0,3
q01924,4,type_aware,type_aware,0.5,0.0,1.0,1.0,2
q01925,4,type_aware,type_aware,1.0,1.0,1.0,1.0,1
q01926,4,type_aware,type_aware,1.0,1.0,1.0,1.0,1
q01927,4,type_aware,type_aware,0.01,0.0,0.0,0.0,100
q01928,4,type_aware,type_aware,1.0,1.0,1.0,1.0,1
q01929,4,type_aware,type_aware,1.0,1.0,1.0,1.0,1
q01930,4,type_aware,type_aware,0.06666666666666667,0.0,0.0,0.0,15
q01931,4,type_aware,type_aware,1.0,1.0,1.0,1.0,1
q01932,4,type_aware,type_aware,0.043478260869565216,0.0,0.0,0.0,23
q01933,4,type_aware,type_aware,1.0,1.0,1.0,1.0,1
q01934,4,type_aware,type_aware,0.006535947712418301,0.0,0.0,0.0,153
q01935,4,type_aware,type_aware,0.05555555555555555,0.0,0.0,0.0,18
q01936,4,type_aware,type_aware,0.2,0.0,0.0,1.0,5
q01937,4,type_aware,type_aware,0.07692307692307693,0.0,0.0,0.0,13
q01938,4,type_aware,type_aware,1.0,1.0,1.0,1.0,1
q01939,4,type_aware,type_aware,0.5,0.0,1.0,1.0,2
q01941,5,type_aware,type_aware,1.0,1.0,1.0,1.0,1
q01942,5,type_aware,type_aware,1.0,1.0,1.0,1.0,1
q01943,5,type_aware,type_aware,0.006060606060606061,0.0,0.0,0.0,165
q01944,5,type_aware,type_aware,1.0,1.0,1.0,1.0,1
q01945,5,type_aware,type_aware,1.0,1.0,1.0,1.0,1
q01946,5,type_aware,type_aware,1.0,1.0,1.0,1.0,1
q01947,5,type_aware,type_aware,0.004608294930875576,0.0,0.0,0.0,217
q01948,5,type_aware,type_aware,1.0,1.0,1.0,1.0,1
q01949,5,type_aware,type_aware,0.25,0.0,0.0,1.0,4
q01950,5,type_aware,type_aware,1.0,1.0,1.0,1.0,1
q01951,5,type_aware,type_aware,0.5,0.0,1.0,1.0,2
q01952,5,type_aware,type_aware,0.5,0.0,1.0,1.0,2
q01953,5,type_aware,type_aware,1.0,1.0,1.0,1.0,1
q01954,5,type_aware,type_aware,0.5,0.0,1.0,1.0,2
q01955,5,type_aware,type_aware,0.03225806451612903,0.0,0.0,0.0,31
q01956,5,type_aware,type_aware,1.0,1.0,1.0,1.0,1
q01957,5,type_aware,type_aware,0.2,0.0,0.0,1.0,5
q01958,5,type_aware,type_aware,1.0,1.0,1.0,1.0,1
q01959,5,type_aware,type_aware,0.5,0.0,1.0,1.0,2
q01960,5,type_aware,type_aware,1.0,1.0,1.0,1.0,1
q01961,5,type_aware,type_aware,0.006756756756756757,0.0,0.0,0.0,148
q01962,5,type_aware,type_aware,1.0,1.0,1.0,1.0,1
q01963,5,type_aware,type_aware,0.034482758620689655,0.0,0.0,0.0,29
q01964,5,type_aware,type_aware,1.0,1.0,1.0,1.0,1
q01965,5,type_aware,type_aware,0.3333333333333333,0.0,1.0,1.0,3
q01966,5,type_aware,type_aware,0.3333333333333333,0.0,1.0,1.0,3
q01967,5,type_aware,type_aware,0.3333333333333333,0.0,1.0,1.0,3
q01968,5,type_aware,type_aware,1.0,1.0,1.0,1.0,1
q01969,5,type_aware,type_aware,0.5,0.0,1.0,1.0,2
q01970,5,type_aware,type_aware,0.25,0.0,0.0,1.0,4
q01971,5,type_aware,type_aware,0.25,0.0,0.0,1.0,4
q01972,5,type_aware,type_aware,1.0,1.0,1.0,1.0,1
q01973,5,type_aware,type_aware,0.5,0.0,1.0,1.0,2
q01974,5,type_aware,type_aware,0.012658227848101266,0.0,0.0,0.0,79
q01975,5,type_aware,type_aware,0.004651162790697674,0.0,0.0,0.0,215
q01976,5,type_aware,type_aware,1.0,1.0,1.0,1.0,1
q01977,5,type_aware,type_aware,1.0,1.0,1.0,1.0,1
q01978,5,type_aware,type_aware,1.0,1.0,1.0,1.0,1
q01979,5,type_aware,type_aware,1.0,1.0,1.0,1.0,1
q01980,5,type_aware,type_aware,1.0,1.0,1.0,1.0,1
q01981,5,type_aware,type_aware,0.018518518518518517,0.0,0.0,0.0,54
q01982,5,type_aware,type_aware,1.0,1.0,1.0,1.0,1
q01983,5,type_aware,type_aware,0.0035335689045936395,0.0,0.0,0.0,283
q01984,5,type_aware,type_aware,0.004761904761904762,0.0,0.0,0.0,210
q01985,5,type_aware,type_aware,1.0,1.0,1.0,1.0,1
q01986,5,type_aware,type_aware,0.125,0.0,0.0,0.0,8
q00001,2,query_type_router,type_aware,1.0,1.0,1.0,1.0,1
q00003,3,query_type_router,type_aware,1.0,1.0,1.0,1.0,1
q00004,1,query_type_router,vector,0.08333333333333333,0.0,0.0,0.0,12
q00005,1,query_type_router,vector,0.125,0.0,0.0,0.0,8
q00006,2,query_type_router,type_aware,1.0,1.0,1.0,1.0,1
q00007,2,query_type_router,type_aware,1.0,1.0,1.0,1.0,1
q00008,1,query_type_router,vector,0.045454545454545456,0.0,0.0,0.0,22
q00009,2,query_type_router,type_aware,1.0,1.0,1.0,1.0,1
q00010,2,query_type_router,type_aware,1.0,1.0,1.0,1.0,1
q00011,2,query_type_router,type_aware,1.0,1.0,1.0,1.0,1
q00012,1,query_type_router,vector,1.0,1.0,1.0,1.0,1
q00013,2,query_type_router,type_aware,1.0,1.0,1.0,1.0,1
q00014,1,query_type_router,vector,1.0,1.0,1.0,1.0,1
q00015,3,query_type_router,type_aware,1.0,1.0,1.0,1.0,1
q00016,1,query_type_router,vector,0.1111111111111111,0.0,0.0,0.0,9
q00017,2,query_type_router,type_aware,1.0,1.0,1.0,1.0,1
q00018,2,query_type_router,type_aware,1.0,1.0,1.0,1.0,1
q00019,1,query_type_router,vector,0.5,0.0,1.0,1.0,2
q00020,1,query_type_router,vector,0.3333333333333333,0.0,1.0,1.0,3
q00021,2,query_type_router,type_aware,1.0,1.0,1.0,1.0,1
q00022,2,query_type_router,type_aware,1.0,1.0,1.0,1.0,1
q00023,3,query_type_router,type_aware,0.5,0.0,1.0,1.0,2
q00024,1,query_type_router,vector,0.3333333333333333,0.0,1.0,1.0,3
q00025,1,query_type_router,vector,0.5,0.0,1.0,1.0,2
q00026,2,query_type_router,type_aware,1.0,1.0,1.0,1.0,1
q00028,3,query_type_router,type_aware,0.2,0.0,0.0,1.0,5
q00029,2,query_type_router,type_aware,1.0,1.0,1.0,1.0,1
q00030,2,query_type_router,type_aware,1.0,1.0,1.0,1.0,1
q00032,2,query_type_router,type_aware,0.04,0.0,0.0,0.0,25
q00033,1,query_type_router,vector,0.05,0.0,0.0,0.0,20
q00034,2,query_type_router,type_aware,0.25,0.0,0.0,1.0,4
q00035,1,query_type_router,vector,0.2,0.0,0.0,1.0,5
q00036,2,query_type_router,type_aware,0.3333333333333333,0.0,1.0,1.0,3
q00037,2,query_type_router,type_aware,1.0,1.0,1.0,1.0,1
q00039,1,query_type_router,vector,1.0,1.0,1.0,1.0,1
q00040,1,query_type_router,vector,0.5,0.0,1.0,1.0,2
q00041,1,query_type_router,vector,0.5,0.0,1.0,1.0,2
q00042,2,query_type_router,type_aware,1.0,1.0,1.0,1.0,1
q00043,3,query_type_router,type_aware,0.3333333333333333,0.0,1.0,1.0,3
q00044,1,query_type_router,vector,0.5,0.0,1.0,1.0,2
q00045,2,query_type_router,type_aware,1.0,1.0,1.0,1.0,1
q00046,2,query_type_router,type_aware,1.0,1.0,1.0,1.0,1
q00048,1,query_type_router,vector,0.5,0.0,1.0,1.0,2
q00049,1,query_type_router,vector,0.014492753623188406,0.0,0.0,0.0,69
q00050,2,query_type_router,type_aware,1.0,1.0,1.0,1.0,1
q00051,3,query_type_router,type_aware,0.03333333333333333,0.0,0.0,0.0,30
q00052,1,query_type_router,vector,1.0,1.0,1.0,1.0,1
q00053,1,query_type_router,vector,0.5,0.0,1.0,1.0,2
q00054,2,query_type_router,type_aware,1.0,1.0,1.0,1.0,1
q00055,2,query_type_router,type_aware,1.0,1.0,1.0,1.0,1
q00056,1,query_type_router,vector,0.14285714285714285,0.0,0.0,0.0,7
q00058,2,query_type_router,type_aware,0.5,0.0,1.0,1.0,2
q00059,2,query_type_router,type_aware,1.0,1.0,1.0,1.0,1
q00060,3,query_type_router,type_aware,1.0,1.0,1.0,1.0,1
q00061,1,query_type_router,vector,1.0,1.0,1.0,1.0,1
q00062,1,query_type_router,vector,1.0,1.0,1.0,1.0,1
q00063,2,query_type_router,type_aware,1.0,1.0,1.0,1.0,1
q00064,2,query_type_router,type_aware,1.0,1.0,1.0,1.0,1
q00065,3,query_type_router,type_aware,0.03571428571428571,0.0,0.0,0.0,28
q00066,1,query_type_router,vector,0.09090909090909091,0.0,0.0,0.0,11
q00067,1,query_type_router,vector,0.1111111111111111,0.0,0.0,0.0,9
q00068,2,query_type_router,type_aware,1.0,1.0,1.0,1.0,1
q00069,2,query_type_router,type_aware,1.0,1.0,1.0,1.0,1
q00070,3,query_type_router,type_aware,0.015151515151515152,0.0,0.0,0.0,66
q00071,1,query_type_router,vector,0.14285714285714285,0.0,0.0,0.0,7
q00072,1,query_type_router,vector,1.0,1.0,1.0,1.0,1
q00073,2,query_type_router,type_aware,0.011627906976744186,0.0,0.0,0.0,86
q00074,2,query_type_router,type_aware,0.5,0.0,1.0,1.0,2
q00075,2,query_type_router,type_aware,1.0,1.0,1.0,1.0,1
q00076,1,query_type_router,vector,0.1111111111111111,0.0,0.0,0.0,9
q00077,1,query_type_router,vector,0.07692307692307693,0.0,0.0,0.0,13
q00078,3,query_type_router,type_aware,1.0,1.0,1.0,1.0,1
q00079,1,query_type_router,vector,1.0,1.0,1.0,1.0,1
q00080,2,query_type_router,type_aware,1.0,1.0,1.0,1.0,1
q00081,2,query_type_router,type_aware,1.0,1.0,1.0,1.0,1
q00082,3,query_type_router,type_aware,0.3333333333333333,0.0,1.0,1.0,3
q00084,4,query_type_router,type_aware,0.3333333333333333,0.0,1.0,1.0,3
q00085,4,query_type_router,type_aware,0.5,0.0,1.0,1.0,2
q00086,4,query_type_router,type_aware,0.0196078431372549,0.0,0.0,0.0,51
q00087,4,query_type_router,type_aware,1.0,1.0,1.0,1.0,1
q00088,4,query_type_router,type_aware,1.0,1.0,1.0,1.0,1
q00089,4,query_type_router,type_aware,0.1,0.0,0.0,0.0,10
q00091,4,query_type_router,type_aware,1.0,1.0,1.0,1.0,1
q00092,4,query_type_router,type_aware,1.0,1.0,1.0,1.0,1
q00093,4,query_type_router,type_aware,1.0,1.0,1.0,1.0,1
q00094,4,query_type_router,type_aware,1.0,1.0,1.0,1.0,1
q00095,4,query_type_router,type_aware,1.0,1.0,1.0,1.0,1
q00096,4,query_type_router,type_aware,0.03571428571428571,0.0,0.0,0.0,28
q00097,4,query_type_router,type_aware,1.0,1.0,1.0,1.0,1
q00098,4,query_type_router,type_aware,1.0,1.0,1.0,1.0,1
q00099,4,query_type_router,type_aware,1.0,1.0,1.0,1.0,1
q00100,4,query_type_router,type_aware,1.0,1.0,1.0,1.0,1
q00101,4,query_type_router,type_aware,1.0,1.0,1.0,1.0,1
q00103,4,query_type_router,type_aware,1.0,1.0,1.0,1.0,1
q00104,4,query_type_router,type_aware,1.0,1.0,1.0,1.0,1
q00105,4,query_type_router,type_aware,0.2,0.0,0.0,1.0,5
q00106,4,query_type_router,type_aware,1.0,1.0,1.0,1.0,1
q00107,4,query_type_router,type_aware,1.0,1.0,1.0,1.0,1
q00109,4,query_type_router,type_aware,1.0,1.0,1.0,1.0,1
q00110,4,query_type_router,type_aware,1.0,1.0,1.0,1.0,1
q00113,4,query_type_router,type_aware,0.3333333333333333,0.0,1.0,1.0,3
q00114,4,query_type_router,type_aware,1.0,1.0,1.0,1.0,1
q00115,4,query_type_router,type_aware,0.022727272727272728,0.0,0.0,0.0,44
q00116,4,query_type_router,type_aware,1.0,1.0,1.0,1.0,1
q00117,4,query_type_router,type_aware,0.14285714285714285,0.0,0.0,0.0,7
q00118,4,query_type_router,type_aware,0.5,0.0,1.0,1.0,2
q00119,4,query_type_router,type_aware,0.5,0.0,1.0,1.0,2
q00121,4,query_type_router,type_aware,1.0,1.0,1.0,1.0,1
q00122,4,query_type_router,type_aware,1.0,1.0,1.0,1.0,1
q00123,4,query_type_router,type_aware,0.25,0.0,0.0,1.0,4
q00124,4,query_type_router,type_aware,0.3333333333333333,0.0,1.0,1.0,3
q00125,4,query_type_router,type_aware,0.05,0.0,0.0,0.0,20
q00127,4,query_type_router,type_aware,1.0,1.0,1.0,1.0,1
q00128,4,query_type_router,type_aware,1.0,1.0,1.0,1.0,1
q00129,4,query_type_router,type_aware,1.0,1.0,1.0,1.0,1
q00130,4,query_type_router,type_aware,1.0,1.0,1.0,1.0,1
q00131,4,query_type_router,type_aware,1.0,1.0,1.0,1.0,1
q00132,4,query_type_router,type_aware,1.0,1.0,1.0,1.0,1
q00133,4,query_type_router,type_aware,0.09090909090909091,0.0,0.0,0.0,11
q00134,4,query_type_router,type_aware,1.0,1.0,1.0,1.0,1
q00135,4,query_type_router,type_aware,0.1,0.0,0.0,0.0,10
q00136,4,query_type_router,type_aware,0.5,0.0,1.0,1.0,2
q00137,4,query_type_router,type_aware,0.14285714285714285,0.0,0.0,0.0,7
q00138,4,query_type_router,type_aware,0.05555555555555555,0.0,0.0,0.0,18
q00141,4,query_type_router,type_aware,1.0,1.0,1.0,1.0,1
q00142,4,query_type_router,type_aware,0.16666666666666666,0.0,0.0,0.0,6
q00144,4,query_type_router,type_aware,1.0,1.0,1.0,1.0,1
q00145,4,query_type_router,type_aware,0.5,0.0,1.0,1.0,2
q00146,4,query_type_router,type_aware,0.14285714285714285,0.0,0.0,0.0,7
q00147,4,query_type_router,type_aware,1.0,1.0,1.0,1.0,1
q00148,4,query_type_router,type_aware,0.05263157894736842,0.0,0.0,0.0,19
q00149,4,query_type_router,type_aware,1.0,1.0,1.0,1.0,1
q00151,4,query_type_router,type_aware,0.3333333333333333,0.0,1.0,1.0,3
q00152,4,query_type_router,type_aware,0.05263157894736842,0.0,0.0,0.0,19
q00153,5,query_type_router,keyword,0.16666666666666666,0.0,0.0,0.0,6
q00154,5,query_type_router,keyword,0.022727272727272728,0.0,0.0,0.0,44
q00155,5,query_type_router,keyword,0.5,0.0,1.0,1.0,2
q00156,5,query_type_router,keyword,1.0,1.0,1.0,1.0,1
q00157,5,query_type_router,keyword,0.0014285714285714286,0.0,0.0,0.0,700
q00158,5,query_type_router,keyword,1.0,1.0,1.0,1.0,1
q00159,5,query_type_router,keyword,1.0,1.0,1.0,1.0,1
q00160,5,query_type_router,keyword,0.16666666666666666,0.0,0.0,0.0,6
q00161,5,query_type_router,keyword,0.02127659574468085,0.0,0.0,0.0,47
q00162,5,query_type_router,keyword,1.0,1.0,1.0,1.0,1
q00163,5,query_type_router,keyword,0.0006333122229259025,0.0,0.0,0.0,1579
q00164,5,query_type_router,keyword,0.5,0.0,1.0,1.0,2
q00165,5,query_type_router,keyword,1.0,1.0,1.0,1.0,1
q00166,5,query_type_router,keyword,1.0,1.0,1.0,1.0,1
q00167,5,query_type_router,keyword,0.5,0.0,1.0,1.0,2
q00169,5,query_type_router,keyword,0.5,0.0,1.0,1.0,2
q00171,5,query_type_router,keyword,0.030303030303030304,0.0,0.0,0.0,33
q00172,5,query_type_router,keyword,1.0,1.0,1.0,1.0,1
q00173,5,query_type_router,keyword,0.004524886877828055,0.0,0.0,0.0,221
q00174,5,query_type_router,keyword,0.03333333333333333,0.0,0.0,0.0,30
q00175,5,query_type_router,keyword,0.5,0.0,1.0,1.0,2
q00176,5,query_type_router,keyword,1.0,1.0,1.0,1.0,1
q00178,5,query_type_router,keyword,0.25,0.0,0.0,1.0,4
q00179,5,query_type_router,keyword,1.0,1.0,1.0,1.0,1
q00181,5,query_type_router,keyword,1.0,1.0,1.0,1.0,1
q00182,5,query_type_router,keyword,0.5,0.0,1.0,1.0,2
q00183,5,query_type_router,keyword,0.3333333333333333,0.0,1.0,1.0,3
q00184,5,query_type_router,keyword,0.045454545454545456,0.0,0.0,0.0,22
q00185,5,query_type_router,keyword,0.002232142857142857,0.0,0.0,0.0,448
q00186,5,query_type_router,keyword,0.045454545454545456,0.0,0.0,0.0,22
q00187,5,query_type_router,keyword,0.1,0.0,0.0,0.0,10
q00188,5,query_type_router,keyword,1.0,1.0,1.0,1.0,1
q00189,5,query_type_router,keyword,0.037037037037037035,0.0,0.0,0.0,27
q00190,5,query_type_router,keyword,1.0,1.0,1.0,1.0,1
q00192,5,query_type_router,keyword,0.3333333333333333,0.0,1.0,1.0,3
q00193,5,query_type_router,keyword,0.14285714285714285,0.0,0.0,0.0,7
q00194,5,query_type_router,keyword,0.011235955056179775,0.0,0.0,0.0,89
q00195,5,query_type_router,keyword,0.2,0.0,0.0,1.0,5
q00196,5,query_type_router,keyword,0.0021598272138228943,0.0,0.0,0.0,463
q00197,5,query_type_router,keyword,1.0,1.0,1.0,1.0,1
q00198,5,query_type_router,keyword,0.0017574692442882249,0.0,0.0,0.0,569
q00199,5,query_type_router,keyword,0.16666666666666666,0.0,0.0,0.0,6
q00200,2,query_type_router,type_aware,1.0,1.0,1.0,1.0,1
q00201,2,query_type_router,type_aware,0.5,0.0,1.0,1.0,2
q00202,4,query_type_router,type_aware,0.00684931506849315,0.0,0.0,0.0,146
q00203,1,query_type_router,vector,0.038461538461538464,0.0,0.0,0.0,26
q00204,4,query_type_router,type_aware,0.2,0.0,0.0,1.0,5
q00205,1,query_type_router,vector,0.2,0.0,0.0,1.0,5
q00206,2,query_type_router,type_aware,1.0,1.0,1.0,1.0,1
q00207,2,query_type_router,type_aware,1.0,1.0,1.0,1.0,1
q00208,2,query_type_router,type_aware,1.0,1.0,1.0,1.0,1
q00209,1,query_type_router,vector,0.043478260869565216,0.0,0.0,0.0,23
q00210,2,query_type_router,type_aware,1.0,1.0,1.0,1.0,1
q00211,2,query_type_router,type_aware,0.5,0.0,1.0,1.0,2
q00212,2,query_type_router,type_aware,1.0,1.0,1.0,1.0,1
q00213,2,query_type_router,type_aware,0.5,0.0,1.0,1.0,2
q00214,2,query_type_router,type_aware,1.0,1.0,1.0,1.0,1
q00215,2,query_type_router,type_aware,0.3333333333333333,0.0,1.0,1.0,3
q00216,2,query_type_router,type_aware,0.3333333333333333,0.0,1.0,1.0,3
q00217,1,query_type_router,vector,0.0625,0.0,0.0,0.0,16
q00218,1,query_type_router,vector,0.03225806451612903,0.0,0.0,0.0,31
q00219,2,query_type_router,type_aware,0.5,0.0,1.0,1.0,2
q00220,2,query_type_router,type_aware,0.3333333333333333,0.0,1.0,1.0,3
q00221,2,query_type_router,type_aware,1.0,1.0,1.0,1.0,1
q00222,2,query_type_router,type_aware,1.0,1.0,1.0,1.0,1
q00223,1,query_type_router,vector,0.07692307692307693,0.0,0.0,0.0,13
q00224,1,query_type_router,vector,0.14285714285714285,0.0,0.0,0.0,7
q00225,1,query_type_router,vector,0.16666666666666666,0.0,0.0,0.0,6
q00226,2,query_type_router,type_aware,0.08333333333333333,0.0,0.0,0.0,12
q00227,1,query_type_router,vector,0.1,0.0,0.0,0.0,10
q00228,2,query_type_router,type_aware,1.0,1.0,1.0,1.0,1
q00229,1,query_type_router,vector,1.0,1.0,1.0,1.0,1
q00230,2,query_type_router,type_aware,0.06666666666666667,0.0,0.0,0.0,15
q00231,1,query_type_router,vector,0.25,0.0,0.0,1.0,4
q00232,2,query_type_router,type_aware,1.0,1.0,1.0,1.0,1
q00233,2,query_type_router,type_aware,1.0,1.0,1.0,1.0,1
q00234,2,query_type_router,type_aware,1.0,1.0,1.0,1.0,1
q00235,2,query_type_router,type_aware,1.0,1.0,1.0,1.0,1
q00236,2,query_type_router,type_aware,1.0,1.0,1.0,1.0,1
q00238,2,query_type_router,type_aware,1.0,1.0,1.0,1.0,1
q00239,4,query_type_router,type_aware,1.0,1.0,1.0,1.0,1
q00240,4,query_type_router,type_aware,1.0,1.0,1.0,1.0,1
q00241,4,query_type_router,type_aware,0.25,0.0,0.0,1.0,4
q00242,4,query_type_router,type_aware,0.5,0.0,1.0,1.0,2
q00244,4,query_type_router,type_aware,0.002053388090349076,0.0,0.0,0.0,487
q00246,4,query_type_router,type_aware,1.0,1.0,1.0,1.0,1
q00247,4,query_type_router,type_aware,0.09090909090909091,0.0,0.0,0.0,11
q00248,4,query_type_router,type_aware,0.045454545454545456,0.0,0.0,0.0,22
q00249,4,query_type_router,type_aware,1.0,1.0,1.0,1.0,1
q00250,4,query_type_router,type_aware,0.16666666666666666,0.0,0.0,0.0,6
q00251,4,query_type_router,type_aware,0.1111111111111111,0.0,0.0,0.0,9
q00253,4,query_type_router,type_aware,1.0,1.0,1.0,1.0,1
q00254,4,query_type_router,type_aware,1.0,1.0,1.0,1.0,1
q00255,4,query_type_router,type_aware,1.0,1.0,1.0,1.0,1
q00256,4,query_type_router,type_aware,1.0,1.0,1.0,1.0,1
q00258,4,query_type_router,type_aware,1.0,1.0,1.0,1.0,1
q00259,4,query_type_router,type_aware,0.2,0.0,0.0,1.0,5
q00260,4,query_type_router,type_aware,0.0196078431372549,0.0,0.0,0.0,51
q00261,4,query_type_router,type_aware,1.0,1.0,1.0,1.0,1
q00262,4,query_type_router,type_aware,0.5,0.0,1.0,1.0,2
q00263,4,query_type_router,type_aware,1.0,1.0,1.0,1.0,1
q00264,4,query_type_router,type_aware,1.0,1.0,1.0,1.0,1
q00265,4,query_type_router,type_aware,1.0,1.0,1.0,1.0,1
q00266,4,query_type_router,type_aware,0.25,0.0,0.0,1.0,4
q00267,4,query_type_router,type_aware,0.07142857142857142,0.0,0.0,0.0,14
q00268,4,query_type_router,type_aware,0.09090909090909091,0.0,0.0,0.0,11
q00269,4,query_type_router,type_aware,1.0,1.0,1.0,1.0,1
q00270,4,query_type_router,type_aware,1.0,1.0,1.0,1.0,1
q00271,4,query_type_router,type_aware,1.0,1.0,1.0,1.0,1
q00275,4,query_type_router,type_aware,1.0,1.0,1.0,1.0,1
q00277,4,query_type_router,type_aware,1.0,1.0,1.0,1.0,1
q00279,5,query_type_router,keyword,1.0,1.0,1.0,1.0,1
q00280,4,query_type_router,type_aware,0.14285714285714285,0.0,0.0,0.0,7
q00281,4,query_type_router,type_aware,1.0,1.0,1.0,1.0,1
q00282,5,query_type_router,keyword,1.0,1.0,1.0,1.0,1
q00283,5,query_type_router,keyword,0.015151515151515152,0.0,0.0,0.0,66
q00284,5,query_type_router,keyword,0.3333333333333333,0.0,1.0,1.0,3
q00286,5,query_type_router,keyword,1.0,1.0,1.0,1.0,1
q00287,5,query_type_router,keyword,0.08333333333333333,0.0,0.0,0.0,12
q00288,5,query_type_router,keyword,0.007462686567164179,0.0,0.0,0.0,134
q00289,5,query_type_router,keyword,1.0,1.0,1.0,1.0,1
q00290,5,query_type_router,keyword,0.014084507042253521,0.0,0.0,0.0,71
q00291,5,query_type_router,keyword,1.0,1.0,1.0,1.0,1
q00292,5,query_type_router,keyword,0.5,0.0,1.0,1.0,2
q00293,5,query_type_router,keyword,1.0,1.0,1.0,1.0,1
q00294,5,query_type_router,keyword,0.009708737864077669,0.0,0.0,0.0,103
q00295,5,query_type_router,keyword,1.0,1.0,1.0,1.0,1
q00296,5,query_type_router,keyword,0.0625,0.0,0.0,0.0,16
q00297,5,query_type_router,keyword,0.5,0.0,1.0,1.0,2
q00298,5,query_type_router,keyword,1.0,1.0,1.0,1.0,1
q00299,5,query_type_router,keyword,0.027777777777777776,0.0,0.0,0.0,36
q00300,5,query_type_router,keyword,0.000925925925925926,0.0,0.0,0.0,1080
q00301,5,query_type_router,keyword,0.5,0.0,1.0,1.0,2
q00302,5,query_type_router,keyword,1.0,1.0,1.0,1.0,1
q00303,5,query_type_router,keyword,1.0,1.0,1.0,1.0,1
q00304,5,query_type_router,keyword,0.0015290519877675841,0.0,0.0,0.0,654
q00305,2,query_type_router,type_aware,0.5,0.0,1.0,1.0,2
q00306,2,query_type_router,type_aware,1.0,1.0,1.0,1.0,1
q00307,1,query_type_router,vector,1.0,1.0,1.0,1.0,1
q00308,1,query_type_router,vector,0.045454545454545456,0.0,0.0,0.0,22
q00309,2,query_type_router,type_aware,0.3333333333333333,0.0,1.0,1.0,3
q00310,2,query_type_router,type_aware,0.0064516129032258064,0.0,0.0,0.0,155
q00311,1,query_type_router,vector,1.0,1.0,1.0,1.0,1
q00312,1,query_type_router,vector,1.0,1.0,1.0,1.0,1
q00313,3,query_type_router,type_aware,0.02857142857142857,0.0,0.0,0.0,35
q00314,1,query_type_router,vector,1.0,1.0,1.0,1.0,1
q00315,2,query_type_router,type_aware,0.02857142857142857,0.0,0.0,0.0,35
q00316,1,query_type_router,vector,0.041666666666666664,0.0,0.0,0.0,24
q00317,1,query_type_router,vector,0.5,0.0,1.0,1.0,2
q00318,2,query_type_router,type_aware,1.0,1.0,1.0,1.0,1
q00319,3,query_type_router,type_aware,0.013333333333333334,0.0,0.0,0.0,75
q00320,1,query_type_router,vector,1.0,1.0,1.0,1.0,1
q00322,3,query_type_router,type_aware,1.0,1.0,1.0,1.0,1
q00323,1,query_type_router,vector,0.5,0.0,1.0,1.0,2
q00324,1,query_type_router,vector,1.0,1.0,1.0,1.0,1
q00325,2,query_type_router,type_aware,1.0,1.0,1.0,1.0,1
q00326,1,query_type_router,vector,1.0,1.0,1.0,1.0,1
q00327,2,query_type_router,type_aware,1.0,1.0,1.0,1.0,1
q00328,1,query_type_router,vector,0.5,0.0,1.0,1.0,2
q00329,2,query_type_router,type_aware,1.0,1.0,1.0,1.0,1
q00330,1,query_type_router,vector,1.0,1.0,1.0,1.0,1
q00331,1,query_type_router,vector,1.0,1.0,1.0,1.0,1
q00332,2,query_type_router,type_aware,1.0,1.0,1.0,1.0,1
q00333,1,query_type_router,vector,0.5,0.0,1.0,1.0,2
q00334,1,query_type_router,vector,0.1111111111111111,0.0,0.0,0.0,9
q00335,1,query_type_router,vector,1.0,1.0,1.0,1.0,1
q00336,2,query_type_router,type_aware,0.3333333333333333,0.0,1.0,1.0,3
q00337,1,query_type_router,vector,0.5,0.0,1.0,1.0,2
q00338,1,query_type_router,vector,1.0,1.0,1.0,1.0,1
q00339,2,query_type_router,type_aware,1.0,1.0,1.0,1.0,1
q00340,1,query_type_router,vector,0.5,0.0,1.0,1.0,2
q00341,1,query_type_router,vector,0.5,0.0,1.0,1.0,2
q00342,1,query_type_router,vector,1.0,1.0,1.0,1.0,1
q00345,1,query_type_router,vector,0.25,0.0,0.0,1.0,4
q00347,1,query_type_router,vector,1.0,1.0,1.0,1.0,1
q00348,2,query_type_router,type_aware,1.0,1.0,1.0,1.0,1
q00349,1,query_type_router,vector,0.3333333333333333,0.0,1.0,1.0,3
q00350,3,query_type_router,type_aware,0.09090909090909091,0.0,0.0,0.0,11
q00351,2,query_type_router,type_aware,1.0,1.0,1.0,1.0,1
q00352,1,query_type_router,vector,0.125,0.0,0.0,0.0,8
q00353,2,query_type_router,type_aware,1.0,1.0,1.0,1.0,1
q00354,1,query_type_router,vector,1.0,1.0,1.0,1.0,1
q00355,3,query_type_router,type_aware,0.07142857142857142,0.0,0.0,0.0,14
q00356,2,query_type_router,type_aware,0.5,0.0,1.0,1.0,2
q00357,1,query_type_router,vector,1.0,1.0,1.0,1.0,1
q00358,2,query_type_router,type_aware,1.0,1.0,1.0,1.0,1
q00359,2,query_type_router,type_aware,1.0,1.0,1.0,1.0,1
q00360,2,query_type_router,type_aware,1.0,1.0,1.0,1.0,1
q00361,2,query_type_router,type_aware,1.0,1.0,1.0,1.0,1
q00362,1,query_type_router,vector,0.25,0.0,0.0,1.0,4
q00363,2,query_type_router,type_aware,1.0,1.0,1.0,1.0,1
q00364,2,query_type_router,type_aware,1.0,1.0,1.0,1.0,1
q00365,1,query_type_router,vector,1.0,1.0,1.0,1.0,1
q00367,1,query_type_router,vector,0.07142857142857142,0.0,0.0,0.0,14
q00368,2,query_type_router,type_aware,1.0,1.0,1.0,1.0,1
q00369,3,query_type_router,type_aware,0.05555555555555555,0.0,0.0,0.0,18
q00370,4,query_type_router,type_aware,1.0,1.0,1.0,1.0,1
q00371,4,query_type_router,type_aware,0.25,0.0,0.0,1.0,4
q00372,4,query_type_router,type_aware,1.0,1.0,1.0,1.0,1
q00373,4,query_type_router,type_aware,0.5,0.0,1.0,1.0,2
q00374,4,query_type_router,type_aware,1.0,1.0,1.0,1.0,1
q00375,4,query_type_router,type_aware,0.5,0.0,1.0,1.0,2
q00376,4,query_type_router,type_aware,0.5,0.0,1.0,1.0,2
q00377,4,query_type_router,type_aware,0.015873015873015872,0.0,0.0,0.0,63
q00378,4,query_type_router,type_aware,1.0,1.0,1.0,1.0,1
q00379,4,query_type_router,type_aware,0.5,0.0,1.0,1.0,2
q00380,4,query_type_router,type_aware,1.0,1.0,1.0,1.0,1
q00381,4,query_type_router,type_aware,0.5,0.0,1.0,1.0,2
q00382,4,query_type_router,type_aware,1.0,1.0,1.0,1.0,1
q00383,4,query_type_router,type_aware,1.0,1.0,1.0,1.0,1
q00384,4,query_type_router,type_aware,1.0,1.0,1.0,1.0,1
q00385,4,query_type_router,type_aware,1.0,1.0,1.0,1.0,1
q00386,4,query_type_router,type_aware,0.2,0.0,0.0,1.0,5
q00388,4,query_type_router,type_aware,1.0,1.0,1.0,1.0,1
q00389,4,query_type_router,type_aware,0.25,0.0,0.0,1.0,4
q00390,4,query_type_router,type_aware,1.0,1.0,1.0,1.0,1
q00391,4,query_type_router,type_aware,1.0,1.0,1.0,1.0,1
q00392,4,query_type_router,type_aware,1.0,1.0,1.0,1.0,1
q00393,4,query_type_router,type_aware,1.0,1.0,1.0,1.0,1
q00394,4,query_type_router,type_aware,0.5,0.0,1.0,1.0,2
q00395,4,query_type_router,type_aware,0.25,0.0,0.0,1.0,4
q00396,2,query_type_router,type_aware,1.0,1.0,1.0,1.0,1
q00397,4,query_type_router,type_aware,0.5,0.0,1.0,1.0,2
q00399,4,query_type_router,type_aware,0.029411764705882353,0.0,0.0,0.0,34
q00400,4,query_type_router,type_aware,1.0,1.0,1.0,1.0,1
q00401,4,query_type_router,type_aware,1.0,1.0,1.0,1.0,1
q00402,4,query_type_router,type_aware,1.0,1.0,1.0,1.0,1
q00403,4,query_type_router,type_aware,0.16666666666666666,0.0,0.0,0.0,6
q00404,4,query_type_router,type_aware,1.0,1.0,1.0,1.0,1
q00405,4,query_type_router,type_aware,1.0,1.0,1.0,1.0,1
q00406,4,query_type_router,type_aware,1.0,1.0,1.0,1.0,1
q00407,4,query_type_router,type_aware,0.04,0.0,0.0,0.0,25
q00408,4,query_type_router,type_aware,0.3333333333333333,0.0,1.0,1.0,3
q00409,4,query_type_router,type_aware,1.0,1.0,1.0,1.0,1
q00410,4,query_type_router,type_aware,0.07692307692307693,0.0,0.0,0.0,13
q00411,4,query_type_router,type_aware,1.0,1.0,1.0,1.0,1
q00412,4,query_type_router,type_aware,0.05263157894736842,0.0,0.0,0.0,19
q00414,4,query_type_router,type_aware,1.0,1.0,1.0,1.0,1
q00415,4,query_type_router,type_aware,0.02,0.0,0.0,0.0,50
q00416,4,query_type_router,type_aware,1.0,1.0,1.0,1.0,1
q00417,4,query_type_router,type_aware,1.0,1.0,1.0,1.0,1
q00418,4,query_type_router,type_aware,0.3333333333333333,0.0,1.0,1.0,3
q00419,4,query_type_router,type_aware,0.01694915254237288,0.0,0.0,0.0,59
q00420,4,query_type_router,type_aware,0.5,0.0,1.0,1.0,2
q00421,4,query_type_router,type_aware,1.0,1.0,1.0,1.0,1
q00422,4,query_type_router,type_aware,1.0,1.0,1.0,1.0,1
q00423,4,query_type_router,type_aware,0.125,0.0,0.0,0.0,8
q00424,4,query_type_router,type_aware,0.014285714285714285,0.0,0.0,0.0,70
q00425,4,query_type_router,type_aware,0.5,0.0,1.0,1.0,2
q00426,4,query_type_router,type_aware,1.0,1.0,1.0,1.0,1
q00427,4,query_type_router,type_aware,0.0018726591760299626,0.0,0.0,0.0,534
q00428,4,query_type_router,type_aware,0.058823529411764705,0.0,0.0,0.0,17
q00429,4,query_type_router,type_aware,0.25,0.0,0.0,1.0,4
q00430,4,query_type_router,type_aware,1.0,1.0,1.0,1.0,1
q00431,4,query_type_router,type_aware,1.0,1.0,1.0,1.0,1
q00432,4,query_type_router,type_aware,1.0,1.0,1.0,1.0,1
q00433,4,query_type_router,type_aware,0.25,0.0,0.0,1.0,4
q00434,4,query_type_router,type_aware,0.2,0.0,0.0,1.0,5
q00435,4,query_type_router,type_aware,1.0,1.0,1.0,1.0,1
q00436,4,query_type_router,type_aware,0.038461538461538464,0.0,0.0,0.0,26
q00437,4,query_type_router,type_aware,0.14285714285714285,0.0,0.0,0.0,7
q00438,4,query_type_router,type_aware,0.5,0.0,1.0,1.0,2
q00439,4,query_type_router,type_aware,0.5,0.0,1.0,1.0,2
q00441,4,query_type_router,type_aware,0.5,0.0,1.0,1.0,2
q00442,4,query_type_router,type_aware,0.25,0.0,0.0,1.0,4
q00443,4,query_type_router,type_aware,1.0,1.0,1.0,1.0,1
q00444,4,query_type_router,type_aware,1.0,1.0,1.0,1.0,1
q00445,4,query_type_router,type_aware,1.0,1.0,1.0,1.0,1
q00446,4,query_type_router,type_aware,1.0,1.0,1.0,1.0,1
q00447,4,query_type_router,type_aware,0.125,0.0,0.0,0.0,8
q00448,4,query_type_router,type_aware,1.0,1.0,1.0,1.0,1
q00449,4,query_type_router,type_aware,1.0,1.0,1.0,1.0,1
q00450,4,query_type_router,type_aware,1.0,1.0,1.0,1.0,1
q00451,4,query_type_router,type_aware,0.3333333333333333,0.0,1.0,1.0,3
q00457,5,query_type_router,keyword,0.3333333333333333,0.0,1.0,1.0,3
q00458,5,query_type_router,keyword,0.015625,0.0,0.0,0.0,64
q00459,5,query_type_router,keyword,1.0,1.0,1.0,1.0,1
q00460,5,query_type_router,keyword,0.5,0.0,1.0,1.0,2
q00461,5,query_type_router,keyword,1.0,1.0,1.0,1.0,1
q00462,5,query_type_router,keyword,1.0,1.0,1.0,1.0,1
q00463,5,query_type_router,keyword,0.5,0.0,1.0,1.0,2
q00464,5,query_type_router,keyword,1.0,1.0,1.0,1.0,1
q00465,5,query_type_router,keyword,0.0012970168612191958,0.0,0.0,0.0,771
q00467,5,query_type_router,keyword,0.3333333333333333,0.0,1.0,1.0,3
q00468,5,query_type_router,keyword,0.3333333333333333,0.0,1.0,1.0,3
q00469,5,query_type_router,keyword,0.0015313935681470138,0.0,0.0,0.0,653
q00470,5,query_type_router,keyword,0.0035971223021582736,0.0,0.0,0.0,278
q00472,5,query_type_router,keyword,0.004347826086956522,0.0,0.0,0.0,230
q00473,5,query_type_router,keyword,1.0,1.0,1.0,1.0,1
q00474,5,query_type_router,keyword,0.5,0.0,1.0,1.0,2
q00475,5,query_type_router,keyword,1.0,1.0,1.0,1.0,1
q00476,5,query_type_router,keyword,0.0015748031496062992,0.0,0.0,0.0,635
q00477,5,query_type_router,keyword,1.0,1.0,1.0,1.0,1
q00479,5,query_type_router,keyword,1.0,1.0,1.0,1.0,1
q00480,5,query_type_router,keyword,0.5,0.0,1.0,1.0,2
q00481,5,query_type_router,keyword,0.125,0.0,0.0,0.0,8
q00482,5,query_type_router,keyword,1.0,1.0,1.0,1.0,1
q00483,5,query_type_router,keyword,1.0,1.0,1.0,1.0,1
q00484,5,query_type_router,keyword,1.0,1.0,1.0,1.0,1
q00485,5,query_type_router,keyword,1.0,1.0,1.0,1.0,1
q00486,5,query_type_router,keyword,0.0012970168612191958,0.0,0.0,0.0,771
q00487,5,query_type_router,keyword,1.0,1.0,1.0,1.0,1
q00488,5,query_type_router,keyword,1.0,1.0,1.0,1.0,1
q00490,5,query_type_router,keyword,0.015625,0.0,0.0,0.0,64
q00491,5,query_type_router,keyword,1.0,1.0,1.0,1.0,1
q00492,5,query_type_router,keyword,1.0,1.0,1.0,1.0,1
q00493,5,query_type_router,keyword,0.07142857142857142,0.0,0.0,0.0,14
q00494,5,query_type_router,keyword,1.0,1.0,1.0,1.0,1
q00495,5,query_type_router,keyword,1.0,1.0,1.0,1.0,1
q00498,3,query_type_router,type_aware,0.0047169811320754715,0.0,0.0,0.0,212
q00499,1,query_type_router,vector,0.03125,0.0,0.0,0.0,32
q00500,2,query_type_router,type_aware,0.5,0.0,1.0,1.0,2
q00501,2,query_type_router,type_aware,1.0,1.0,1.0,1.0,1
q00502,3,query_type_router,type_aware,0.038461538461538464,0.0,0.0,0.0,26
q00503,1,query_type_router,vector,0.2,0.0,0.0,1.0,5
q00504,2,query_type_router,type_aware,0.5,0.0,1.0,1.0,2
q00505,2,query_type_router,type_aware,1.0,1.0,1.0,1.0,1
q00506,2,query_type_router,type_aware,0.1111111111111111,0.0,0.0,0.0,9
q00507,2,query_type_router,type_aware,0.020833333333333332,0.0,0.0,0.0,48
q00508,1,query_type_router,vector,1.0,1.0,1.0,1.0,1
q00509,1,query_type_router,vector,0.2,0.0,0.0,1.0,5
q00510,3,query_type_router,type_aware,1.0,1.0,1.0,1.0,1
q00511,2,query_type_router,type_aware,1.0,1.0,1.0,1.0,1
q00512,3,query_type_router,type_aware,0.012987012987012988,0.0,0.0,0.0,77
q00513,2,query_type_router,type_aware,1.0,1.0,1.0,1.0,1
q00514,2,query_type_router,type_aware,0.16666666666666666,0.0,0.0,0.0,6
q00515,2,query_type_router,type_aware,0.022727272727272728,0.0,0.0,0.0,44
q00516,2,query_type_router,type_aware,0.09090909090909091,0.0,0.0,0.0,11
q00517,1,query_type_router,vector,1.0,1.0,1.0,1.0,1
q00518,2,query_type_router,type_aware,0.5,0.0,1.0,1.0,2
q00519,2,query_type_router,type_aware,0.125,0.0,0.0,0.0,8
q00520,2,query_type_router,type_aware,0.2,0.0,0.0,1.0,5
q00521,1,query_type_router,vector,1.0,1.0,1.0,1.0,1
q00522,2,query_type_router,type_aware,0.5,0.0,1.0,1.0,2
q00523,2,query_type_router,type_aware,0.16666666666666666,0.0,0.0,0.0,6
q00524,2,query_type_router,type_aware,0.0625,0.0,0.0,0.0,16
q00525,1,query_type_router,vector,0.25,0.0,0.0,1.0,4
q00526,2,query_type_router,type_aware,1.0,1.0,1.0,1.0,1
q00527,2,query_type_router,type_aware,1.0,1.0,1.0,1.0,1
q00528,1,query_type_router,vector,0.1111111111111111,0.0,0.0,0.0,9
q00529,2,query_type_router,type_aware,1.0,1.0,1.0,1.0,1
q00530,2,query_type_router,type_aware,0.25,0.0,0.0,1.0,4
q00531,2,query_type_router,type_aware,1.0,1.0,1.0,1.0,1
q00532,1,query_type_router,vector,0.058823529411764705,0.0,0.0,0.0,17
q00533,2,query_type_router,type_aware,1.0,1.0,1.0,1.0,1
q00534,2,query_type_router,type_aware,1.0,1.0,1.0,1.0,1
q00535,2,query_type_router,type_aware,1.0,1.0,1.0,1.0,1
q00536,2,query_type_router,type_aware,1.0,1.0,1.0,1.0,1
q00537,2,query_type_router,type_aware,1.0,1.0,1.0,1.0,1
q00538,2,query_type_router,type_aware,1.0,1.0,1.0,1.0,1
q00539,2,query_type_router,type_aware,0.07692307692307693,0.0,0.0,0.0,13
q00540,1,query_type_router,vector,0.03333333333333333,0.0,0.0,0.0,30
q00541,2,query_type_router,type_aware,1.0,1.0,1.0,1.0,1
q00542,2,query_type_router,type_aware,1.0,1.0,1.0,1.0,1
q00543,2,query_type_router,type_aware,0.5,0.0,1.0,1.0,2
q00544,1,query_type_router,vector,0.14285714285714285,0.0,0.0,0.0,7
q00545,1,query_type_router,vector,1.0,1.0,1.0,1.0,1
q00546,2,query_type_router,type_aware,1.0,1.0,1.0,1.0,1
q00547,1,query_type_router,vector,1.0,1.0,1.0,1.0,1
q00548,1,query_type_router,vector,0.5,0.0,1.0,1.0,2
q00549,1,query_type_router,vector,0.125,0.0,0.0,0.0,8
q00550,1,query_type_router,vector,0.14285714285714285,0.0,0.0,0.0,7
q00551,1,query_type_router,vector,1.0,1.0,1.0,1.0,1
q00553,1,query_type_router,vector,0.3333333333333333,0.0,1.0,1.0,3
q00554,1,query_type_router,vector,0.16666666666666666,0.0,0.0,0.0,6
q00555,2,query_type_router,type_aware,0.16666666666666666,0.0,0.0,0.0,6
q00556,1,query_type_router,vector,0.25,0.0,0.0,1.0,4
q00557,1,query_type_router,vector,1.0,1.0,1.0,1.0,1
q00558,3,query_type_router,type_aware,0.018867924528301886,0.0,0.0,0.0,53
q00559,1,query_type_router,vector,0.3333333333333333,0.0,1.0,1.0,3
q00560,1,query_type_router,vector,0.125,0.0,0.0,0.0,8
q00561,1,query_type_router,vector,0.08333333333333333,0.0,0.0,0.0,12
q00562,2,query_type_router,type_aware,1.0,1.0,1.0,1.0,1
q00563,2,query_type_router,type_aware,0.3333333333333333,0.0,1.0,1.0,3
q00564,3,query_type_router,type_aware,0.016129032258064516,0.0,0.0,0.0,62
q00565,1,query_type_router,vector,0.1,0.0,0.0,0.0,10
q00566,3,query_type_router,type_aware,0.05555555555555555,0.0,0.0,0.0,18
q00567,1,query_type_router,vector,0.3333333333333333,0.0,1.0,1.0,3
q00568,1,query_type_router,vector,0.125,0.0,0.0,0.0,8
q00569,1,query_type_router,vector,0.09090909090909091,0.0,0.0,0.0,11
q00570,2,query_type_router,type_aware,1.0,1.0,1.0,1.0,1
q00571,3,query_type_router,type_aware,1.0,1.0,1.0,1.0,1
q00572,1,query_type_router,vector,0.09090909090909091,0.0,0.0,0.0,11
q00573,1,query_type_router,vector,0.3333333333333333,0.0,1.0,1.0,3
q00574,1,query_type_router,vector,1.0,1.0,1.0,1.0,1
q00575,2,query_type_router,type_aware,1.0,1.0,1.0,1.0,1
q00576,1,query_type_router,vector,1.0,1.0,1.0,1.0,1
q00577,1,query_type_router,vector,0.08333333333333333,0.0,0.0,0.0,12
q00578,1,query_type_router,vector,0.5,0.0,1.0,1.0,2
q00579,1,query_type_router,vector,0.125,0.0,0.0,0.0,8
q00580,1,query_type_router,vector,0.0625,0.0,0.0,0.0,16
q00581,1,query_type_router,vector,1.0,1.0,1.0,1.0,1
q00582,3,query_type_router,type_aware,0.00819672131147541,0.0,0.0,0.0,122
q00583,3,query_type_router,type_aware,0.3333333333333333,0.0,1.0,1.0,3
q00584,2,query_type_router,type_aware,1.0,1.0,1.0,1.0,1
q00585,3,query_type_router,type_aware,0.02040816326530612,0.0,0.0,0.0,49
q00586,4,query_type_router,type_aware,0.16666666666666666,0.0,0.0,0.0,6
q00587,4,query_type_router,type_aware,0.5,0.0,1.0,1.0,2
q00588,4,query_type_router,type_aware,1.0,1.0,1.0,1.0,1
q00589,4,query_type_router,type_aware,0.3333333333333333,0.0,1.0,1.0,3
q00591,4,query_type_router,type_aware,1.0,1.0,1.0,1.0,1
q00592,4,query_type_router,type_aware,1.0,1.0,1.0,1.0,1
q00593,4,query_type_router,type_aware,0.030303030303030304,0.0,0.0,0.0,33
q00594,4,query_type_router,type_aware,0.5,0.0,1.0,1.0,2
q00595,4,query_type_router,type_aware,0.5,0.0,1.0,1.0,2
q00596,4,query_type_router,type_aware,1.0,1.0,1.0,1.0,1
q00597,4,query_type_router,type_aware,0.07692307692307693,0.0,0.0,0.0,13
q00598,4,query_type_router,type_aware,0.5,0.0,1.0,1.0,2
q00599,4,query_type_router,type_aware,0.2,0.0,0.0,1.0,5
q00600,4,query_type_router,type_aware,1.0,1.0,1.0,1.0,1
q00601,4,query_type_router,type_aware,0.03125,0.0,0.0,0.0,32
q00602,4,query_type_router,type_aware,1.0,1.0,1.0,1.0,1
q00603,4,query_type_router,type_aware,1.0,1.0,1.0,1.0,1
q00604,4,query_type_router,type_aware,1.0,1.0,1.0,1.0,1
q00605,4,query_type_router,type_aware,0.25,0.0,0.0,1.0,4
q00607,4,query_type_router,type_aware,1.0,1.0,1.0,1.0,1
q00608,4,query_type_router,type_aware,1.0,1.0,1.0,1.0,1
q00609,4,query_type_router,type_aware,0.1,0.0,0.0,0.0,10
q00610,4,query_type_router,type_aware,1.0,1.0,1.0,1.0,1
q00611,4,query_type_router,type_aware,0.5,0.0,1.0,1.0,2
q00612,4,query_type_router,type_aware,0.1,0.0,0.0,0.0,10
q00613,4,query_type_router,type_aware,1.0,1.0,1.0,1.0,1
q00614,4,query_type_router,type_aware,0.1,0.0,0.0,0.0,10
q00615,4,query_type_router,type_aware,1.0,1.0,1.0,1.0,1
q00616,4,query_type_router,type_aware,1.0,1.0,1.0,1.0,1
q00617,4,query_type_router,type_aware,0.007692307692307693,0.0,0.0,0.0,130
q00618,4,query_type_router,type_aware,0.2,0.0,0.0,1.0,5
q00619,4,query_type_router,type_aware,1.0,1.0,1.0,1.0,1
q00620,4,query_type_router,type_aware,0.07142857142857142,0.0,0.0,0.0,14
q00621,4,query_type_router,type_aware,0.5,0.0,1.0,1.0,2
q00622,4,query_type_router,type_aware,1.0,1.0,1.0,1.0,1
q00623,4,query_type_router,type_aware,0.3333333333333333,0.0,1.0,1.0,3
q00624,4,query_type_router,type_aware,1.0,1.0,1.0,1.0,1
q00625,4,query_type_router,type_aware,1.0,1.0,1.0,1.0,1
q00626,4,query_type_router,type_aware,1.0,1.0,1.0,1.0,1
q00627,4,query_type_router,type_aware,1.0,1.0,1.0,1.0,1
q00628,4,query_type_router,type_aware,1.0,1.0,1.0,1.0,1
q00629,4,query_type_router,type_aware,1.0,1.0,1.0,1.0,1
q00630,4,query_type_router,type_aware,1.0,1.0,1.0,1.0,1
q00631,4,query_type_router,type_aware,0.25,0.0,0.0,1.0,4
q00632,4,query_type_router,type_aware,0.3333333333333333,0.0,1.0,1.0,3
q00633,4,query_type_router,type_aware,0.03225806451612903,0.0,0.0,0.0,31
q00634,4,query_type_router,type_aware,1.0,1.0,1.0,1.0,1
q00635,4,query_type_router,type_aware,1.0,1.0,1.0,1.0,1
q00636,4,query_type_router,type_aware,0.5,0.0,1.0,1.0,2
q00637,4,query_type_router,type_aware,1.0,1.0,1.0,1.0,1
q00638,4,query_type_router,type_aware,0.3333333333333333,0.0,1.0,1.0,3
q00639,4,query_type_router,type_aware,0.07692307692307693,0.0,0.0,0.0,13
q00640,4,query_type_router,type_aware,1.0,1.0,1.0,1.0,1
q00641,4,query_type_router,type_aware,1.0,1.0,1.0,1.0,1
q00643,4,query_type_router,type_aware,1.0,1.0,1.0,1.0,1
q00645,4,query_type_router,type_aware,0.08333333333333333,0.0,0.0,0.0,12
q00646,4,query_type_router,type_aware,0.5,0.0,1.0,1.0,2
q00647,4,query_type_router,type_aware,1.0,1.0,1.0,1.0,1
q00649,4,query_type_router,type_aware,0.012195121951219513,0.0,0.0,0.0,82
q00650,4,query_type_router,type_aware,0.5,0.0,1.0,1.0,2
q00651,4,query_type_router,type_aware,1.0,1.0,1.0,1.0,1
q00652,4,query_type_router,type_aware,1.0,1.0,1.0,1.0,1
q00653,4,query_type_router,type_aware,1.0,1.0,1.0,1.0,1
q00655,4,query_type_router,type_aware,1.0,1.0,1.0,1.0,1
q00656,4,query_type_router,type_aware,0.029411764705882353,0.0,0.0,0.0,34
q00657,4,query_type_router,type_aware,1.0,1.0,1.0,1.0,1
q00658,4,query_type_router,type_aware,0.5,0.0,1.0,1.0,2
q00659,4,query_type_router,type_aware,1.0,1.0,1.0,1.0,1
q00660,4,query_type_router,type_aware,0.0625,0.0,0.0,0.0,16
q00661,4,query_type_router,type_aware,1.0,1.0,1.0,1.0,1
q00662,4,query_type_router,type_aware,1.0,1.0,1.0,1.0,1
q00664,4,query_type_router,type_aware,1.0,1.0,1.0,1.0,1
q00665,4,query_type_router,type_aware,1.0,1.0,1.0,1.0,1
q00667,4,query_type_router,type_aware,0.5,0.0,1.0,1.0,2
q00668,4,query_type_router,type_aware,1.0,1.0,1.0,1.0,1
q00669,4,query_type_router,type_aware,0.16666666666666666,0.0,0.0,0.0,6
q00672,4,query_type_router,type_aware,1.0,1.0,1.0,1.0,1
q00673,4,query_type_router,type_aware,1.0,1.0,1.0,1.0,1
q00674,4,query_type_router,type_aware,1.0,1.0,1.0,1.0,1
q00675,4,query_type_router,type_aware,1.0,1.0,1.0,1.0,1
q00676,4,query_type_router,type_aware,1.0,1.0,1.0,1.0,1
q00678,4,query_type_router,type_aware,1.0,1.0,1.0,1.0,1
q00679,4,query_type_router,type_aware,0.14285714285714285,0.0,0.0,0.0,7
q00680,4,query_type_router,type_aware,1.0,1.0,1.0,1.0,1
q00681,4,query_type_router,type_aware,1.0,1.0,1.0,1.0,1
q00683,4,query_type_router,type_aware,1.0,1.0,1.0,1.0,1
q00684,4,query_type_router,type_aware,0.02127659574468085,0.0,0.0,0.0,47
q00685,4,query_type_router,type_aware,0.14285714285714285,0.0,0.0,0.0,7
q00686,4,query_type_router,type_aware,1.0,1.0,1.0,1.0,1
q00688,4,query_type_router,type_aware,1.0,1.0,1.0,1.0,1
q00690,4,query_type_router,type_aware,1.0,1.0,1.0,1.0,1
q00691,4,query_type_router,type_aware,1.0,1.0,1.0,1.0,1
q00692,4,query_type_router,type_aware,1.0,1.0,1.0,1.0,1
q00693,4,query_type_router,type_aware,0.08333333333333333,0.0,0.0,0.0,12
q00694,4,query_type_router,type_aware,1.0,1.0,1.0,1.0,1
q00695,4,query_type_router,type_aware,0.16666666666666666,0.0,0.0,0.0,6
q00696,4,query_type_router,type_aware,0.029411764705882353,0.0,0.0,0.0,34
q00697,5,query_type_router,keyword,0.3333333333333333,0.0,1.0,1.0,3
q00698,5,query_type_router,keyword,1.0,1.0,1.0,1.0,1
q00699,5,query_type_router,keyword,0.07142857142857142,0.0,0.0,0.0,14
q00701,5,query_type_router,keyword,1.0,1.0,1.0,1.0,1
q00702,5,query_type_router,keyword,0.5,0.0,1.0,1.0,2
q00703,5,query_type_router,keyword,0.16666666666666666,0.0,0.0,0.0,6
q00704,5,query_type_router,keyword,1.0,1.0,1.0,1.0,1
q00705,5,query_type_router,keyword,0.01818181818181818,0.0,0.0,0.0,55
q00706,5,query_type_router,keyword,1.0,1.0,1.0,1.0,1
q00707,5,query_type_router,keyword,0.1111111111111111,0.0,0.0,0.0,9
q00708,5,query_type_router,keyword,0.1111111111111111,0.0,0.0,0.0,9
q00709,5,query_type_router,keyword,1.0,1.0,1.0,1.0,1
q00710,5,query_type_router,keyword,0.5,0.0,1.0,1.0,2
q00711,5,query_type_router,keyword,0.0625,0.0,0.0,0.0,16
q00712,5,query_type_router,keyword,1.0,1.0,1.0,1.0,1
q00713,5,query_type_router,keyword,0.0136986301369863,0.0,0.0,0.0,73
q00714,5,query_type_router,keyword,1.0,1.0,1.0,1.0,1
q00715,5,query_type_router,keyword,0.045454545454545456,0.0,0.0,0.0,22
q00716,5,query_type_router,keyword,0.5,0.0,1.0,1.0,2
q00717,5,query_type_router,keyword,0.01818181818181818,0.0,0.0,0.0,55
q00718,5,query_type_router,keyword,0.1111111111111111,0.0,0.0,0.0,9
q00719,5,query_type_router,keyword,1.0,1.0,1.0,1.0,1
q00720,5,query_type_router,keyword,0.038461538461538464,0.0,0.0,0.0,26
q00721,5,query_type_router,keyword,1.0,1.0,1.0,1.0,1
q00722,5,query_type_router,keyword,1.0,1.0,1.0,1.0,1
q00723,5,query_type_router,keyword,1.0,1.0,1.0,1.0,1
q00724,5,query_type_router,keyword,1.0,1.0,1.0,1.0,1
q00726,5,query_type_router,keyword,0.25,0.0,0.0,1.0,4
q00728,5,query_type_router,keyword,0.000819672131147541,0.0,0.0,0.0,1220
q00729,5,query_type_router,keyword,1.0,1.0,1.0,1.0,1
q00730,5,query_type_router,keyword,1.0,1.0,1.0,1.0,1
q00731,5,query_type_router,keyword,1.0,1.0,1.0,1.0,1
q00732,5,query_type_router,keyword,0.5,0.0,1.0,1.0,2
q00733,5,query_type_router,keyword,1.0,1.0,1.0,1.0,1
q00734,5,query_type_router,keyword,0.08333333333333333,0.0,0.0,0.0,12
q00735,5,query_type_router,keyword,1.0,1.0,1.0,1.0,1
q00736,5,query_type_router,keyword,1.0,1.0,1.0,1.0,1
q00737,5,query_type_router,keyword,0.5,0.0,1.0,1.0,2
q00738,5,query_type_router,keyword,0.2,0.0,0.0,1.0,5
q00740,5,query_type_router,keyword,0.04,0.0,0.0,0.0,25
q00741,5,query_type_router,keyword,0.020833333333333332,0.0,0.0,0.0,48
q00742,5,query_type_router,keyword,0.25,0.0,0.0,1.0,4
q00743,5,query_type_router,keyword,0.5,0.0,1.0,1.0,2
q00744,5,query_type_router,keyword,1.0,1.0,1.0,1.0,1
q00745,5,query_type_router,keyword,0.16666666666666666,0.0,0.0,0.0,6
q00746,5,query_type_router,keyword,1.0,1.0,1.0,1.0,1
q00747,5,query_type_router,keyword,1.0,1.0,1.0,1.0,1
q00749,5,query_type_router,keyword,1.0,1.0,1.0,1.0,1
q00750,5,query_type_router,keyword,0.038461538461538464,0.0,0.0,0.0,26
q00751,5,query_type_router,keyword,1.0,1.0,1.0,1.0,1
q00753,5,query_type_router,keyword,1.0,1.0,1.0,1.0,1
q00754,5,query_type_router,keyword,1.0,1.0,1.0,1.0,1
q00755,5,query_type_router,keyword,1.0,1.0,1.0,1.0,1
q00756,5,query_type_router,keyword,1.0,1.0,1.0,1.0,1
q00757,5,query_type_router,keyword,0.025,0.0,0.0,0.0,40
q00758,1,query_type_router,vector,1.0,1.0,1.0,1.0,1
q00759,1,query_type_router,vector,1.0,1.0,1.0,1.0,1
q00760,1,query_type_router,vector,1.0,1.0,1.0,1.0,1
q00761,3,query_type_router,type_aware,0.008771929824561403,0.0,0.0,0.0,114
q00762,1,query_type_router,vector,0.02631578947368421,0.0,0.0,0.0,38
q00763,3,query_type_router,type_aware,0.016666666666666666,0.0,0.0,0.0,60
q00764,2,query_type_router,type_aware,0.5,0.0,1.0,1.0,2
q00765,1,query_type_router,vector,0.08333333333333333,0.0,0.0,0.0,12
q00766,3,query_type_router,type_aware,1.0,1.0,1.0,1.0,1
q00767,1,query_type_router,vector,0.3333333333333333,0.0,1.0,1.0,3
q00768,2,query_type_router,type_aware,1.0,1.0,1.0,1.0,1
q00769,1,query_type_router,vector,0.022222222222222223,0.0,0.0,0.0,45
q00770,2,query_type_router,type_aware,1.0,1.0,1.0,1.0,1
q00771,1,query_type_router,vector,1.0,1.0,1.0,1.0,1
q00772,1,query_type_router,vector,1.0,1.0,1.0,1.0,1
q00773,3,query_type_router,type_aware,1.0,1.0,1.0,1.0,1
q00774,2,query_type_router,type_aware,1.0,1.0,1.0,1.0,1
q00775,1,query_type_router,vector,0.07142857142857142,0.0,0.0,0.0,14
q00776,1,query_type_router,vector,0.14285714285714285,0.0,0.0,0.0,7
q00777,3,query_type_router,type_aware,0.5,0.0,1.0,1.0,2
q00778,2,query_type_router,type_aware,1.0,1.0,1.0,1.0,1
q00779,1,query_type_router,vector,0.16666666666666666,0.0,0.0,0.0,6
q00780,2,query_type_router,type_aware,1.0,1.0,1.0,1.0,1
q00781,2,query_type_router,type_aware,1.0,1.0,1.0,1.0,1
q00782,2,query_type_router,type_aware,0.043478260869565216,0.0,0.0,0.0,23
q00783,1,query_type_router,vector,1.0,1.0,1.0,1.0,1
q00784,1,query_type_router,vector,0.05555555555555555,0.0,0.0,0.0,18
q00785,3,query_type_router,type_aware,0.5,0.0,1.0,1.0,2
q00786,3,query_type_router,type_aware,1.0,1.0,1.0,1.0,1
q00787,1,query_type_router,vector,1.0,1.0,1.0,1.0,1
q00788,1,query_type_router,vector,0.5,0.0,1.0,1.0,2
q00789,2,query_type_router,type_aware,1.0,1.0,1.0,1.0,1
q00790,3,query_type_router,type_aware,1.0,1.0,1.0,1.0,1
q00791,2,query_type_router,type_aware,1.0,1.0,1.0,1.0,1
q00792,3,query_type_router,type_aware,0.5,0.0,1.0,1.0,2
q00793,1,query_type_router,vector,0.010101010101010102,0.0,0.0,0.0,99
q00794,1,query_type_router,vector,1.0,1.0,1.0,1.0,1
q00795,2,query_type_router,type_aware,1.0,1.0,1.0,1.0,1
q00796,1,query_type_router,vector,0.1,0.0,0.0,0.0,10
q00797,2,query_type_router,type_aware,1.0,1.0,1.0,1.0,1
q00798,2,query_type_router,type_aware,0.125,0.0,0.0,0.0,8
q00799,1,query_type_router,vector,0.16666666666666666,0.0,0.0,0.0,6
q00800,1,query_type_router,vector,1.0,1.0,1.0,1.0,1
q00801,1,query_type_router,vector,1.0,1.0,1.0,1.0,1
q00802,2,query_type_router,type_aware,1.0,1.0,1.0,1.0,1
q00803,2,query_type_router,type_aware,0.125,0.0,0.0,0.0,8
q00804,2,query_type_router,type_aware,0.125,0.0,0.0,0.0,8
q00805,2,query_type_router,type_aware,0.3333333333333333,0.0,1.0,1.0,3
q00806,1,query_type_router,vector,0.5,0.0,1.0,1.0,2
q00807,1,query_type_router,vector,1.0,1.0,1.0,1.0,1
q00808,1,query_type_router,vector,0.07142857142857142,0.0,0.0,0.0,14
q00809,3,query_type_router,type_aware,1.0,1.0,1.0,1.0,1
q00810,1,query_type_router,vector,0.5,0.0,1.0,1.0,2
q00811,3,query_type_router,type_aware,1.0,1.0,1.0,1.0,1
q00812,2,query_type_router,type_aware,1.0,1.0,1.0,1.0,1
q00813,2,query_type_router,type_aware,0.25,0.0,0.0,1.0,4
q00814,2,query_type_router,type_aware,1.0,1.0,1.0,1.0,1
q00815,1,query_type_router,vector,1.0,1.0,1.0,1.0,1
q00816,2,query_type_router,type_aware,1.0,1.0,1.0,1.0,1
q00817,1,query_type_router,vector,1.0,1.0,1.0,1.0,1
q00818,2,query_type_router,type_aware,0.002145922746781116,0.0,0.0,0.0,466
q00819,1,query_type_router,vector,1.0,1.0,1.0,1.0,1
q00820,1,query_type_router,vector,0.3333333333333333,0.0,1.0,1.0,3
q00821,2,query_type_router,type_aware,1.0,1.0,1.0,1.0,1
q00822,2,query_type_router,type_aware,1.0,1.0,1.0,1.0,1
q00823,1,query_type_router,vector,1.0,1.0,1.0,1.0,1
q00824,3,query_type_router,type_aware,1.0,1.0,1.0,1.0,1
q00825,3,query_type_router,type_aware,0.09090909090909091,0.0,0.0,0.0,11
q00826,2,query_type_router,type_aware,1.0,1.0,1.0,1.0,1
q00827,2,query_type_router,type_aware,1.0,1.0,1.0,1.0,1
q00828,3,query_type_router,type_aware,1.0,1.0,1.0,1.0,1
q00829,4,query_type_router,type_aware,0.5,0.0,1.0,1.0,2
q00830,4,query_type_router,type_aware,0.09090909090909091,0.0,0.0,0.0,11
q00831,4,query_type_router,type_aware,1.0,1.0,1.0,1.0,1
q00832,4,query_type_router,type_aware,0.25,0.0,0.0,1.0,4
q00833,4,query_type_router,type_aware,1.0,1.0,1.0,1.0,1
q00834,4,query_type_router,type_aware,1.0,1.0,1.0,1.0,1
q00835,4,query_type_router,type_aware,1.0,1.0,1.0,1.0,1
q00836,4,query_type_router,type_aware,0.5,0.0,1.0,1.0,2
q00837,4,query_type_router,type_aware,1.0,1.0,1.0,1.0,1
q00838,4,query_type_router,type_aware,0.25,0.0,0.0,1.0,4
q00839,4,query_type_router,type_aware,1.0,1.0,1.0,1.0,1
q00841,4,query_type_router,type_aware,0.25,0.0,0.0,1.0,4
q00842,4,query_type_router,type_aware,0.125,0.0,0.0,0.0,8
q00843,4,query_type_router,type_aware,1.0,1.0,1.0,1.0,1
q00844,4,query_type_router,type_aware,0.25,0.0,0.0,1.0,4
q00845,4,query_type_router,type_aware,0.06666666666666667,0.0,0.0,0.0,15
q00846,4,query_type_router,type_aware,1.0,1.0,1.0,1.0,1
q00847,4,query_type_router,type_aware,1.0,1.0,1.0,1.0,1
q00848,4,query_type_router,type_aware,1.0,1.0,1.0,1.0,1
q00849,4,query_type_router,type_aware,1.0,1.0,1.0,1.0,1
q00850,4,query_type_router,type_aware,0.5,0.0,1.0,1.0,2
q00851,4,query_type_router,type_aware,1.0,1.0,1.0,1.0,1
q00852,4,query_type_router,type_aware,1.0,1.0,1.0,1.0,1
q00853,4,query_type_router,type_aware,1.0,1.0,1.0,1.0,1
q00854,4,query_type_router,type_aware,1.0,1.0,1.0,1.0,1
q00855,4,query_type_router,type_aware,1.0,1.0,1.0,1.0,1
q00856,4,query_type_router,type_aware,0.25,0.0,0.0,1.0,4
q00857,4,query_type_router,type_aware,1.0,1.0,1.0,1.0,1
q00858,4,query_type_router,type_aware,0.5,0.0,1.0,1.0,2
q00859,4,query_type_router,type_aware,1.0,1.0,1.0,1.0,1
q00861,4,query_type_router,type_aware,1.0,1.0,1.0,1.0,1
q00862,4,query_type_router,type_aware,1.0,1.0,1.0,1.0,1
q00863,4,query_type_router,type_aware,1.0,1.0,1.0,1.0,1
q00864,4,query_type_router,type_aware,1.0,1.0,1.0,1.0,1
q00866,4,query_type_router,type_aware,1.0,1.0,1.0,1.0,1
q00868,4,query_type_router,type_aware,0.1,0.0,0.0,0.0,10
q00869,4,query_type_router,type_aware,0.5,0.0,1.0,1.0,2
q00870,4,query_type_router,type_aware,1.0,1.0,1.0,1.0,1
q00872,4,query_type_router,type_aware,0.05555555555555555,0.0,0.0,0.0,18
q00873,4,query_type_router,type_aware,0.3333333333333333,0.0,1.0,1.0,3
q00876,4,query_type_router,type_aware,1.0,1.0,1.0,1.0,1
q00877,4,query_type_router,type_aware,1.0,1.0,1.0,1.0,1
q00879,4,query_type_router,type_aware,0.2,0.0,0.0,1.0,5
q00880,4,query_type_router,type_aware,0.01282051282051282,0.0,0.0,0.0,78
q00881,4,query_type_router,type_aware,1.0,1.0,1.0,1.0,1
q00882,4,query_type_router,type_aware,0.5,0.0,1.0,1.0,2
q00883,4,query_type_router,type_aware,1.0,1.0,1.0,1.0,1
q00884,4,query_type_router,type_aware,1.0,1.0,1.0,1.0,1
q00885,4,query_type_router,type_aware,0.3333333333333333,0.0,1.0,1.0,3
q00886,4,query_type_router,type_aware,1.0,1.0,1.0,1.0,1
q00887,4,query_type_router,type_aware,1.0,1.0,1.0,1.0,1
q00888,4,query_type_router,type_aware,1.0,1.0,1.0,1.0,1
q00889,4,query_type_router,type_aware,0.07692307692307693,0.0,0.0,0.0,13
q00890,4,query_type_router,type_aware,1.0,1.0,1.0,1.0,1
q00891,4,query_type_router,type_aware,1.0,1.0,1.0,1.0,1
q00892,4,query_type_router,type_aware,1.0,1.0,1.0,1.0,1
q00893,4,query_type_router,type_aware,0.007352941176470588,0.0,0.0,0.0,136
q00894,4,query_type_router,type_aware,0.014084507042253521,0.0,0.0,0.0,71
q00895,4,query_type_router,type_aware,1.0,1.0,1.0,1.0,1
q00896,4,query_type_router,type_aware,1.0,1.0,1.0,1.0,1
q00897,4,query_type_router,type_aware,1.0,1.0,1.0,1.0,1
q00898,4,query_type_router,type_aware,1.0,1.0,1.0,1.0,1
q00899,4,query_type_router,type_aware,1.0,1.0,1.0,1.0,1
q00900,4,query_type_router,type_aware,0.5,0.0,1.0,1.0,2
q00901,4,query_type_router,type_aware,1.0,1.0,1.0,1.0,1
q00902,4,query_type_router,type_aware,1.0,1.0,1.0,1.0,1
q00903,4,query_type_router,type_aware,1.0,1.0,1.0,1.0,1
q00905,4,query_type_router,type_aware,1.0,1.0,1.0,1.0,1
q00906,4,query_type_router,type_aware,1.0,1.0,1.0,1.0,1
q00907,4,query_type_router,type_aware,0.08333333333333333,0.0,0.0,0.0,12
q00908,4,query_type_router,type_aware,0.018867924528301886,0.0,0.0,0.0,53
q00909,4,query_type_router,type_aware,0.018867924528301886,0.0,0.0,0.0,53
q00910,4,query_type_router,type_aware,1.0,1.0,1.0,1.0,1
q00911,4,query_type_router,type_aware,1.0,1.0,1.0,1.0,1
q00912,4,query_type_router,type_aware,0.006289308176100629,0.0,0.0,0.0,159
q00913,4,query_type_router,type_aware,0.09090909090909091,0.0,0.0,0.0,11
q00914,4,query_type_router,type_aware,1.0,1.0,1.0,1.0,1
q00915,4,query_type_router,type_aware,0.3333333333333333,0.0,1.0,1.0,3
q00916,4,query_type_router,type_aware,1.0,1.0,1.0,1.0,1
q00917,4,query_type_router,type_aware,1.0,1.0,1.0,1.0,1
q00918,4,query_type_router,type_aware,0.018867924528301886,0.0,0.0,0.0,53
q00919,4,query_type_router,type_aware,0.5,0.0,1.0,1.0,2
q00920,4,query_type_router,type_aware,1.0,1.0,1.0,1.0,1
q00921,4,query_type_router,type_aware,0.3333333333333333,0.0,1.0,1.0,3
q00922,4,query_type_router,type_aware,0.1,0.0,0.0,0.0,10
q00923,4,query_type_router,type_aware,1.0,1.0,1.0,1.0,1
q00924,4,query_type_router,type_aware,0.125,0.0,0.0,0.0,8
q00925,4,query_type_router,type_aware,1.0,1.0,1.0,1.0,1
q00927,4,query_type_router,type_aware,1.0,1.0,1.0,1.0,1
q00928,4,query_type_router,type_aware,1.0,1.0,1.0,1.0,1
q00930,4,query_type_router,type_aware,1.0,1.0,1.0,1.0,1
q00931,4,query_type_router,type_aware,1.0,1.0,1.0,1.0,1
q00932,4,query_type_router,type_aware,0.2,0.0,0.0,1.0,5
q00933,4,query_type_router,type_aware,0.0078125,0.0,0.0,0.0,128
q00934,4,query_type_router,type_aware,0.043478260869565216,0.0,0.0,0.0,23
q00935,4,query_type_router,type_aware,0.07142857142857142,0.0,0.0,0.0,14
q00936,5,query_type_router,keyword,0.05555555555555555,0.0,0.0,0.0,18
q00937,5,query_type_router,keyword,0.021739130434782608,0.0,0.0,0.0,46
q00938,5,query_type_router,keyword,1.0,1.0,1.0,1.0,1
q00939,5,query_type_router,keyword,0.004608294930875576,0.0,0.0,0.0,217
q00940,5,query_type_router,keyword,1.0,1.0,1.0,1.0,1
q00941,5,query_type_router,keyword,0.5,0.0,1.0,1.0,2
q00942,5,query_type_router,keyword,1.0,1.0,1.0,1.0,1
q00944,5,query_type_router,keyword,0.07142857142857142,0.0,0.0,0.0,14
q00945,5,query_type_router,keyword,0.02631578947368421,0.0,0.0,0.0,38
q00946,5,query_type_router,keyword,1.0,1.0,1.0,1.0,1
q00947,5,query_type_router,keyword,0.023809523809523808,0.0,0.0,0.0,42
q00948,5,query_type_router,keyword,1.0,1.0,1.0,1.0,1
q00949,5,query_type_router,keyword,1.0,1.0,1.0,1.0,1
q00950,5,query_type_router,keyword,0.2,0.0,0.0,1.0,5
q00951,5,query_type_router,keyword,1.0,1.0,1.0,1.0,1
q00952,5,query_type_router,keyword,1.0,1.0,1.0,1.0,1
q00953,5,query_type_router,keyword,0.14285714285714285,0.0,0.0,0.0,7
q00954,5,query_type_router,keyword,1.0,1.0,1.0,1.0,1
q00955,5,query_type_router,keyword,0.009009009009009009,0.0,0.0,0.0,111
q00956,5,query_type_router,keyword,1.0,1.0,1.0,1.0,1
q00957,5,query_type_router,keyword,0.1,0.0,0.0,0.0,10
q00958,5,query_type_router,keyword,0.3333333333333333,0.0,1.0,1.0,3
q00959,5,query_type_router,keyword,1.0,1.0,1.0,1.0,1
q00960,5,query_type_router,keyword,0.5,0.0,1.0,1.0,2
q00961,5,query_type_router,keyword,1.0,1.0,1.0,1.0,1
q00962,5,query_type_router,keyword,0.16666666666666666,0.0,0.0,0.0,6
q00963,5,query_type_router,keyword,0.08333333333333333,0.0,0.0,0.0,12
q00964,5,query_type_router,keyword,0.001451378809869376,0.0,0.0,0.0,689
q00966,5,query_type_router,keyword,0.023255813953488372,0.0,0.0,0.0,43
q00967,5,query_type_router,keyword,0.25,0.0,0.0,1.0,4
q00968,5,query_type_router,keyword,0.0005243838489774515,0.0,0.0,0.0,1907
q00969,5,query_type_router,keyword,1.0,1.0,1.0,1.0,1
q00970,5,query_type_router,keyword,0.006172839506172839,0.0,0.0,0.0,162
q00971,5,query_type_router,keyword,0.3333333333333333,0.0,1.0,1.0,3
q00972,5,query_type_router,keyword,0.024390243902439025,0.0,0.0,0.0,41
q00973,5,query_type_router,keyword,0.07142857142857142,0.0,0.0,0.0,14
q00974,5,query_type_router,keyword,1.0,1.0,1.0,1.0,1
q00975,5,query_type_router,keyword,1.0,1.0,1.0,1.0,1
q00976,5,query_type_router,keyword,1.0,1.0,1.0,1.0,1
q00977,5,query_type_router,keyword,1.0,1.0,1.0,1.0,1
q00978,5,query_type_router,keyword,0.2,0.0,0.0,1.0,5
q00979,5,query_type_router,keyword,1.0,1.0,1.0,1.0,1
q00980,5,query_type_router,keyword,1.0,1.0,1.0,1.0,1
q00982,5,query_type_router,keyword,0.5,0.0,1.0,1.0,2
q00983,5,query_type_router,keyword,0.5,0.0,1.0,1.0,2
q00984,5,query_type_router,keyword,0.006578947368421052,0.0,0.0,0.0,152
q00985,5,query_type_router,keyword,1.0,1.0,1.0,1.0,1
q00986,5,query_type_router,keyword,0.3333333333333333,0.0,1.0,1.0,3
q00987,5,query_type_router,keyword,0.25,0.0,0.0,1.0,4
q00988,5,query_type_router,keyword,1.0,1.0,1.0,1.0,1
q00989,5,query_type_router,keyword,0.3333333333333333,0.0,1.0,1.0,3
q00990,5,query_type_router,keyword,1.0,1.0,1.0,1.0,1
q00991,5,query_type_router,keyword,1.0,1.0,1.0,1.0,1
q00992,5,query_type_router,keyword,0.1,0.0,0.0,0.0,10
q00993,5,query_type_router,keyword,1.0,1.0,1.0,1.0,1
q00995,5,query_type_router,keyword,1.0,1.0,1.0,1.0,1
q00996,5,query_type_router,keyword,1.0,1.0,1.0,1.0,1
q00997,5,query_type_router,keyword,1.0,1.0,1.0,1.0,1
q00998,5,query_type_router,keyword,0.011764705882352941,0.0,0.0,0.0,85
q00999,5,query_type_router,keyword,0.0019120458891013384,0.0,0.0,0.0,523
q01000,2,query_type_router,type_aware,0.14285714285714285,0.0,0.0,0.0,7
q01001,2,query_type_router,type_aware,1.0,1.0,1.0,1.0,1
q01002,1,query_type_router,vector,0.5,0.0,1.0,1.0,2
q01003,1,query_type_router,vector,1.0,1.0,1.0,1.0,1
q01004,2,query_type_router,type_aware,0.3333333333333333,0.0,1.0,1.0,3
q01005,2,query_type_router,type_aware,1.0,1.0,1.0,1.0,1
q01006,2,query_type_router,type_aware,1.0,1.0,1.0,1.0,1
q01007,2,query_type_router,type_aware,0.3333333333333333,0.0,1.0,1.0,3
q01008,2,query_type_router,type_aware,0.5,0.0,1.0,1.0,2
q01009,1,query_type_router,vector,1.0,1.0,1.0,1.0,1
q01010,2,query_type_router,type_aware,0.08333333333333333,0.0,0.0,0.0,12
q01011,2,query_type_router,type_aware,0.3333333333333333,0.0,1.0,1.0,3
q01012,1,query_type_router,vector,0.05,0.0,0.0,0.0,20
q01013,2,query_type_router,type_aware,1.0,1.0,1.0,1.0,1
q01014,1,query_type_router,vector,1.0,1.0,1.0,1.0,1
q01015,1,query_type_router,vector,0.034482758620689655,0.0,0.0,0.0,29
q01016,2,query_type_router,type_aware,0.5,0.0,1.0,1.0,2
q01017,1,query_type_router,vector,1.0,1.0,1.0,1.0,1
q01018,1,query_type_router,vector,1.0,1.0,1.0,1.0,1
q01019,3,query_type_router,type_aware,0.01639344262295082,0.0,0.0,0.0,61
q01020,3,query_type_router,type_aware,0.3333333333333333,0.0,1.0,1.0,3
q01021,1,query_type_router,vector,1.0,1.0,1.0,1.0,1
q01022,2,query_type_router,type_aware,0.14285714285714285,0.0,0.0,0.0,7
q01023,1,query_type_router,vector,0.034482758620689655,0.0,0.0,0.0,29
q01024,1,query_type_router,vector,0.014285714285714285,0.0,0.0,0.0,70
q01025,2,query_type_router,type_aware,1.0,1.0,1.0,1.0,1
q01026,1,query_type_router,vector,0.5,0.0,1.0,1.0,2
q01027,1,query_type_router,vector,1.0,1.0,1.0,1.0,1
q01028,1,query_type_router,vector,0.022222222222222223,0.0,0.0,0.0,45
q01029,1,query_type_router,vector,0.05,0.0,0.0,0.0,20
q01030,2,query_type_router,type_aware,1.0,1.0,1.0,1.0,1
q01031,1,query_type_router,vector,0.025,0.0,0.0,0.0,40
q01032,1,query_type_router,vector,1.0,1.0,1.0,1.0,1
q01033,3,query_type_router,type_aware,0.125,0.0,0.0,0.0,8
q01034,2,query_type_router,type_aware,0.09090909090909091,0.0,0.0,0.0,11
q01035,1,query_type_router,vector,0.07142857142857142,0.0,0.0,0.0,14
q01036,1,query_type_router,vector,0.5,0.0,1.0,1.0,2
q01037,2,query_type_router,type_aware,1.0,1.0,1.0,1.0,1
q01038,2,query_type_router,type_aware,1.0,1.0,1.0,1.0,1
q01039,1,query_type_router,vector,0.043478260869565216,0.0,0.0,0.0,23
q01040,1,query_type_router,vector,0.043478260869565216,0.0,0.0,0.0,23
q01041,1,query_type_router,vector,0.0625,0.0,0.0,0.0,16
q01042,1,query_type_router,vector,1.0,1.0,1.0,1.0,1
q01043,3,query_type_router,type_aware,0.2,0.0,0.0,1.0,5
q01044,3,query_type_router,type_aware,1.0,1.0,1.0,1.0,1
q01045,2,query_type_router,type_aware,0.04,0.0,0.0,0.0,25
q01046,2,query_type_router,type_aware,0.045454545454545456,0.0,0.0,0.0,22
q01047,2,query_type_router,type_aware,0.3333333333333333,0.0,1.0,1.0,3
q01049,1,query_type_router,vector,0.1111111111111111,0.0,0.0,0.0,9
q01050,1,query_type_router,vector,0.3333333333333333,0.0,1.0,1.0,3
q01051,1,query_type_router,vector,0.16666666666666666,0.0,0.0,0.0,6
q01052,3,query_type_router,type_aware,0.018518518518518517,0.0,0.0,0.0,54
q01053,3,query_type_router,type_aware,0.5,0.0,1.0,1.0,2
q01054,1,query_type_router,vector,0.3333333333333333,0.0,1.0,1.0,3
q01055,2,query_type_router,type_aware,0.02564102564102564,0.0,0.0,0.0,39
q01056,1,query_type_router,vector,0.041666666666666664,0.0,0.0,0.0,24
q01057,2,query_type_router,type_aware,1.0,1.0,1.0,1.0,1
q01058,2,query_type_router,type_aware,1.0,1.0,1.0,1.0,1
q01059,2,query_type_router,type_aware,0.16666666666666666,0.0,0.0,0.0,6
q01060,1,query_type_router,vector,0.05555555555555555,0.0,0.0,0.0,18
q01061,4,query_type_router,type_aware,0.5,0.0,1.0,1.0,2
q01062,4,query_type_router,type_aware,1.0,1.0,1.0,1.0,1
q01063,4,query_type_router,type_aware,0.5,0.0,1.0,1.0,2
q01064,4,query_type_router,type_aware,0.2,0.0,0.0,1.0,5
q01065,4,query_type_router,type_aware,1.0,1.0,1.0,1.0,1
q01066,4,query_type_router,type_aware,0.25,0.0,0.0,1.0,4
q01067,4,query_type_router,type_aware,0.25,0.0,0.0,1.0,4
q01068,4,query_type_router,type_aware,1.0,1.0,1.0,1.0,1
q01069,4,query_type_router,type_aware,0.5,0.0,1.0,1.0,2
q01070,4,query_type_router,type_aware,1.0,1.0,1.0,1.0,1
q01071,4,query_type_router,type_aware,1.0,1.0,1.0,1.0,1
q01072,4,query_type_router,type_aware,0.25,0.0,0.0,1.0,4
q01073,4,query_type_router,type_aware,1.0,1.0,1.0,1.0,1
q01074,4,query_type_router,type_aware,0.5,0.0,1.0,1.0,2
q01075,4,query_type_router,type_aware,0.5,0.0,1.0,1.0,2
q01076,4,query_type_router,type_aware,0.3333333333333333,0.0,1.0,1.0,3
q01077,4,query_type_router,type_aware,1.0,1.0,1.0,1.0,1
q01078,4,query_type_router,type_aware,1.0,1.0,1.0,1.0,1
q01079,4,query_type_router,type_aware,1.0,1.0,1.0,1.0,1
q01080,4,query_type_router,type_aware,1.0,1.0,1.0,1.0,1
q01081,4,query_type_router,type_aware,1.0,1.0,1.0,1.0,1
q01082,4,query_type_router,type_aware,1.0,1.0,1.0,1.0,1
q01083,4,query_type_router,type_aware,1.0,1.0,1.0,1.0,1
q01084,4,query_type_router,type_aware,0.2,0.0,0.0,1.0,5
q01085,4,query_type_router,type_aware,0.25,0.0,0.0,1.0,4
q01086,4,query_type_router,type_aware,1.0,1.0,1.0,1.0,1
q01087,4,query_type_router,type_aware,1.0,1.0,1.0,1.0,1
q01089,4,query_type_router,type_aware,0.019230769230769232,0.0,0.0,0.0,52
q01090,4,query_type_router,type_aware,1.0,1.0,1.0,1.0,1
q01091,4,query_type_router,type_aware,1.0,1.0,1.0,1.0,1
q01093,4,query_type_router,type_aware,1.0,1.0,1.0,1.0,1
q01094,4,query_type_router,type_aware,1.0,1.0,1.0,1.0,1
q01095,4,query_type_router,type_aware,0.125,0.0,0.0,0.0,8
q01099,4,query_type_router,type_aware,0.3333333333333333,0.0,1.0,1.0,3
q01100,4,query_type_router,type_aware,0.05263157894736842,0.0,0.0,0.0,19
q01101,4,query_type_router,type_aware,1.0,1.0,1.0,1.0,1
q01102,4,query_type_router,type_aware,1.0,1.0,1.0,1.0,1
q01103,4,query_type_router,type_aware,1.0,1.0,1.0,1.0,1
q01104,4,query_type_router,type_aware,0.5,0.0,1.0,1.0,2
q01105,4,query_type_router,type_aware,1.0,1.0,1.0,1.0,1
q01106,4,query_type_router,type_aware,1.0,1.0,1.0,1.0,1
q01107,4,query_type_router,type_aware,1.0,1.0,1.0,1.0,1
q01108,4,query_type_router,type_aware,1.0,1.0,1.0,1.0,1
q01110,4,query_type_router,type_aware,1.0,1.0,1.0,1.0,1
q01111,4,query_type_router,type_aware,0.5,0.0,1.0,1.0,2
q01112,4,query_type_router,type_aware,1.0,1.0,1.0,1.0,1
q01113,4,query_type_router,type_aware,1.0,1.0,1.0,1.0,1
q01114,4,query_type_router,type_aware,1.0,1.0,1.0,1.0,1
q01115,4,query_type_router,type_aware,1.0,1.0,1.0,1.0,1
q01116,4,query_type_router,type_aware,0.5,0.0,1.0,1.0,2
q01117,4,query_type_router,type_aware,1.0,1.0,1.0,1.0,1
q01118,4,query_type_router,type_aware,1.0,1.0,1.0,1.0,1
q01119,4,query_type_router,type_aware,1.0,1.0,1.0,1.0,1
q01120,4,query_type_router,type_aware,0.03225806451612903,0.0,0.0,0.0,31
q01121,4,query_type_router,type_aware,1.0,1.0,1.0,1.0,1
q01122,4,query_type_router,type_aware,1.0,1.0,1.0,1.0,1
q01123,5,query_type_router,keyword,0.013333333333333334,0.0,0.0,0.0,75
q01124,5,query_type_router,keyword,0.008928571428571428,0.0,0.0,0.0,112
q01125,5,query_type_router,keyword,0.08333333333333333,0.0,0.0,0.0,12
q01126,5,query_type_router,keyword,1.0,1.0,1.0,1.0,1
q01127,5,query_type_router,keyword,0.1,0.0,0.0,0.0,10
q01128,5,query_type_router,keyword,1.0,1.0,1.0,1.0,1
q01129,5,query_type_router,keyword,1.0,1.0,1.0,1.0,1
q01130,5,query_type_router,keyword,0.16666666666666666,0.0,0.0,0.0,6
q01131,5,query_type_router,keyword,0.16666666666666666,0.0,0.0,0.0,6
q01132,5,query_type_router,keyword,1.0,1.0,1.0,1.0,1
q01133,5,query_type_router,keyword,1.0,1.0,1.0,1.0,1
q01134,5,query_type_router,keyword,0.06666666666666667,0.0,0.0,0.0,15
q01135,5,query_type_router,keyword,1.0,1.0,1.0,1.0,1
q01136,5,query_type_router,keyword,0.3333333333333333,0.0,1.0,1.0,3
q01137,5,query_type_router,keyword,0.025,0.0,0.0,0.0,40
q01138,5,query_type_router,keyword,0.0014124293785310734,0.0,0.0,0.0,708
q01139,5,query_type_router,keyword,1.0,1.0,1.0,1.0,1
q01140,5,query_type_router,keyword,1.0,1.0,1.0,1.0,1
q01142,5,query_type_router,keyword,1.0,1.0,1.0,1.0,1
q01143,5,query_type_router,keyword,0.3333333333333333,0.0,1.0,1.0,3
q01144,5,query_type_router,keyword,0.043478260869565216,0.0,0.0,0.0,23
q01146,5,query_type_router,keyword,0.0015082956259426848,0.0,0.0,0.0,663
q01147,5,query_type_router,keyword,1.0,1.0,1.0,1.0,1
q01148,5,query_type_router,keyword,1.0,1.0,1.0,1.0,1
q01149,5,query_type_router,keyword,1.0,1.0,1.0,1.0,1
q01150,5,query_type_router,keyword,1.0,1.0,1.0,1.0,1
q01151,5,query_type_router,keyword,1.0,1.0,1.0,1.0,1
q01152,5,query_type_router,keyword,1.0,1.0,1.0,1.0,1
q01154,5,query_type_router,keyword,0.058823529411764705,0.0,0.0,0.0,17
q01155,5,query_type_router,keyword,1.0,1.0,1.0,1.0,1
q01156,5,query_type_router,keyword,1.0,1.0,1.0,1.0,1
q01157,5,query_type_router,keyword,1.0,1.0,1.0,1.0,1
q01158,3,query_type_router,type_aware,0.004,0.0,0.0,0.0,250
q01159,2,query_type_router,type_aware,0.01694915254237288,0.0,0.0,0.0,59
q01160,1,query_type_router,vector,0.25,0.0,0.0,1.0,4
q01161,1,query_type_router,vector,0.058823529411764705,0.0,0.0,0.0,17
q01162,2,query_type_router,type_aware,0.5,0.0,1.0,1.0,2
q01163,1,query_type_router,vector,0.5,0.0,1.0,1.0,2
q01164,3,query_type_router,type_aware,0.1,0.0,0.0,0.0,10
q01165,3,query_type_router,type_aware,1.0,1.0,1.0,1.0,1
q01166,1,query_type_router,vector,0.25,0.0,0.0,1.0,4
q01167,1,query_type_router,vector,1.0,1.0,1.0,1.0,1
q01168,2,query_type_router,type_aware,1.0,1.0,1.0,1.0,1
q01169,2,query_type_router,type_aware,0.002652519893899204,0.0,0.0,0.0,377
q01170,3,query_type_router,type_aware,0.16666666666666666,0.0,0.0,0.0,6
q01171,2,query_type_router,type_aware,0.5,0.0,1.0,1.0,2
q01172,2,query_type_router,type_aware,1.0,1.0,1.0,1.0,1
q01173,2,query_type_router,type_aware,1.0,1.0,1.0,1.0,1
q01175,3,query_type_router,type_aware,1.0,1.0,1.0,1.0,1
q01176,1,query_type_router,vector,0.5,0.0,1.0,1.0,2
q01177,3,query_type_router,type_aware,0.030303030303030304,0.0,0.0,0.0,33
q01178,1,query_type_router,vector,0.5,0.0,1.0,1.0,2
q01179,2,query_type_router,type_aware,1.0,1.0,1.0,1.0,1
q01180,1,query_type_router,vector,0.3333333333333333,0.0,1.0,1.0,3
q01181,2,query_type_router,type_aware,0.5,0.0,1.0,1.0,2
q01182,1,query_type_router,vector,0.25,0.0,0.0,1.0,4
q01183,3,query_type_router,type_aware,1.0,1.0,1.0,1.0,1
q01184,1,query_type_router,vector,1.0,1.0,1.0,1.0,1
q01185,1,query_type_router,vector,1.0,1.0,1.0,1.0,1
q01186,2,query_type_router,type_aware,1.0,1.0,1.0,1.0,1
q01187,2,query_type_router,type_aware,1.0,1.0,1.0,1.0,1
q01188,3,query_type_router,type_aware,1.0,1.0,1.0,1.0,1
q01189,2,query_type_router,type_aware,1.0,1.0,1.0,1.0,1
q01190,2,query_type_router,type_aware,1.0,1.0,1.0,1.0,1
q01191,3,query_type_router,type_aware,0.125,0.0,0.0,0.0,8
q01192,1,query_type_router,vector,0.5,0.0,1.0,1.0,2
q01193,3,query_type_router,type_aware,0.5,0.0,1.0,1.0,2
q01194,3,query_type_router,type_aware,1.0,1.0,1.0,1.0,1
q01195,2,query_type_router,type_aware,1.0,1.0,1.0,1.0,1
q01196,1,query_type_router,vector,0.25,0.0,0.0,1.0,4
q01197,2,query_type_router,type_aware,1.0,1.0,1.0,1.0,1
q01198,1,query_type_router,vector,0.5,0.0,1.0,1.0,2
q01199,2,query_type_router,type_aware,0.006756756756756757,0.0,0.0,0.0,148
q01200,2,query_type_router,type_aware,1.0,1.0,1.0,1.0,1
q01201,2,query_type_router,type_aware,1.0,1.0,1.0,1.0,1
q01202,3,query_type_router,type_aware,0.002898550724637681,0.0,0.0,0.0,345
q01203,1,query_type_router,vector,1.0,1.0,1.0,1.0,1
q01204,2,query_type_router,type_aware,1.0,1.0,1.0,1.0,1
q01205,2,query_type_router,type_aware,1.0,1.0,1.0,1.0,1
q01206,2,query_type_router,type_aware,1.0,1.0,1.0,1.0,1
q01207,1,query_type_router,vector,1.0,1.0,1.0,1.0,1
q01208,2,query_type_router,type_aware,1.0,1.0,1.0,1.0,1
q01209,1,query_type_router,vector,0.1,0.0,0.0,0.0,10
q01210,2,query_type_router,type_aware,1.0,1.0,1.0,1.0,1
q01211,2,query_type_router,type_aware,0.25,0.0,0.0,1.0,4
q01212,1,query_type_router,vector,0.16666666666666666,0.0,0.0,0.0,6
q01213,2,query_type_router,type_aware,0.5,0.0,1.0,1.0,2
q01214,1,query_type_router,vector,0.3333333333333333,0.0,1.0,1.0,3
q01215,2,query_type_router,type_aware,1.0,1.0,1.0,1.0,1
q01216,2,query_type_router,type_aware,0.5,0.0,1.0,1.0,2
q01217,2,query_type_router,type_aware,0.3333333333333333,0.0,1.0,1.0,3
q01218,1,query_type_router,vector,1.0,1.0,1.0,1.0,1
q01219,2,query_type_router,type_aware,1.0,1.0,1.0,1.0,1
q01220,2,query_type_router,type_aware,1.0,1.0,1.0,1.0,1
q01221,2,query_type_router,type_aware,1.0,1.0,1.0,1.0,1
q01222,2,query_type_router,type_aware,1.0,1.0,1.0,1.0,1
q01225,4,query_type_router,type_aware,0.5,0.0,1.0,1.0,2
q01226,4,query_type_router,type_aware,1.0,1.0,1.0,1.0,1
q01228,4,query_type_router,type_aware,1.0,1.0,1.0,1.0,1
q01229,4,query_type_router,type_aware,1.0,1.0,1.0,1.0,1
q01230,4,query_type_router,type_aware,0.3333333333333333,0.0,1.0,1.0,3
q01231,4,query_type_router,type_aware,1.0,1.0,1.0,1.0,1
q01232,4,query_type_router,type_aware,1.0,1.0,1.0,1.0,1
q01233,4,query_type_router,type_aware,0.05,0.0,0.0,0.0,20
q01234,4,query_type_router,type_aware,1.0,1.0,1.0,1.0,1
q01235,4,query_type_router,type_aware,0.16666666666666666,0.0,0.0,0.0,6
q01236,4,query_type_router,type_aware,0.07692307692307693,0.0,0.0,0.0,13
q01237,4,query_type_router,type_aware,0.08333333333333333,0.0,0.0,0.0,12
q01238,4,query_type_router,type_aware,1.0,1.0,1.0,1.0,1
q01239,4,query_type_router,type_aware,0.25,0.0,0.0,1.0,4
q01240,4,query_type_router,type_aware,0.25,0.0,0.0,1.0,4
q01241,4,query_type_router,type_aware,1.0,1.0,1.0,1.0,1
q01242,4,query_type_router,type_aware,0.16666666666666666,0.0,0.0,0.0,6
q01243,4,query_type_router,type_aware,0.25,0.0,0.0,1.0,4
q01244,4,query_type_router,type_aware,1.0,1.0,1.0,1.0,1
q01245,4,query_type_router,type_aware,1.0,1.0,1.0,1.0,1
q01246,4,query_type_router,type_aware,0.5,0.0,1.0,1.0,2
q01247,4,query_type_router,type_aware,1.0,1.0,1.0,1.0,1
q01248,4,query_type_router,type_aware,0.2,0.0,0.0,1.0,5
q01250,4,query_type_router,type_aware,0.5,0.0,1.0,1.0,2
q01251,4,query_type_router,type_aware,1.0,1.0,1.0,1.0,1
q01252,4,query_type_router,type_aware,0.5,0.0,1.0,1.0,2
q01253,4,query_type_router,type_aware,1.0,1.0,1.0,1.0,1
q01254,4,query_type_router,type_aware,0.0625,0.0,0.0,0.0,16
q01255,4,query_type_router,type_aware,0.005376344086021506,0.0,0.0,0.0,186
q01256,4,query_type_router,type_aware,0.2,0.0,0.0,1.0,5
q01257,4,query_type_router,type_aware,1.0,1.0,1.0,1.0,1
q01259,4,query_type_router,type_aware,0.5,0.0,1.0,1.0,2
q01260,4,query_type_router,type_aware,1.0,1.0,1.0,1.0,1
q01261,4,query_type_router,type_aware,1.0,1.0,1.0,1.0,1
q01262,4,query_type_router,type_aware,1.0,1.0,1.0,1.0,1
q01263,4,query_type_router,type_aware,1.0,1.0,1.0,1.0,1
q01264,4,query_type_router,type_aware,1.0,1.0,1.0,1.0,1
q01266,4,query_type_router,type_aware,1.0,1.0,1.0,1.0,1
q01267,4,query_type_router,type_aware,1.0,1.0,1.0,1.0,1
q01268,4,query_type_router,type_aware,1.0,1.0,1.0,1.0,1
q01269,4,query_type_router,type_aware,0.16666666666666666,0.0,0.0,0.0,6
q01270,4,query_type_router,type_aware,1.0,1.0,1.0,1.0,1
q01271,4,query_type_router,type_aware,0.5,0.0,1.0,1.0,2
q01272,4,query_type_router,type_aware,0.5,0.0,1.0,1.0,2
q01273,4,query_type_router,type_aware,1.0,1.0,1.0,1.0,1
q01274,4,query_type_router,type_aware,1.0,1.0,1.0,1.0,1
q01275,4,query_type_router,type_aware,1.0,1.0,1.0,1.0,1
q01276,4,query_type_router,type_aware,1.0,1.0,1.0,1.0,1
q01277,4,query_type_router,type_aware,1.0,1.0,1.0,1.0,1
q01278,4,query_type_router,type_aware,1.0,1.0,1.0,1.0,1
q01279,4,query_type_router,type_aware,0.5,0.0,1.0,1.0,2
q01280,4,query_type_router,type_aware,1.0,1.0,1.0,1.0,1
q01281,4,query_type_router,type_aware,1.0,1.0,1.0,1.0,1
q01282,4,query_type_router,type_aware,1.0,1.0,1.0,1.0,1
q01283,4,query_type_router,type_aware,1.0,1.0,1.0,1.0,1
q01284,4,query_type_router,type_aware,1.0,1.0,1.0,1.0,1
q01285,4,query_type_router,type_aware,1.0,1.0,1.0,1.0,1
q01286,4,query_type_router,type_aware,0.5,0.0,1.0,1.0,2
q01287,4,query_type_router,type_aware,0.5,0.0,1.0,1.0,2
q01288,4,query_type_router,type_aware,1.0,1.0,1.0,1.0,1
q01289,4,query_type_router,type_aware,1.0,1.0,1.0,1.0,1
q01290,4,query_type_router,type_aware,1.0,1.0,1.0,1.0,1
q01291,4,query_type_router,type_aware,1.0,1.0,1.0,1.0,1
q01292,4,query_type_router,type_aware,1.0,1.0,1.0,1.0,1
q01293,4,query_type_router,type_aware,0.5,0.0,1.0,1.0,2
q01294,4,query_type_router,type_aware,0.5,0.0,1.0,1.0,2
q01295,4,query_type_router,type_aware,0.125,0.0,0.0,0.0,8
q01296,4,query_type_router,type_aware,1.0,1.0,1.0,1.0,1
q01297,4,query_type_router,type_aware,1.0,1.0,1.0,1.0,1
q01298,4,query_type_router,type_aware,1.0,1.0,1.0,1.0,1
q01299,4,query_type_router,type_aware,0.5,0.0,1.0,1.0,2
q01300,4,query_type_router,type_aware,0.5,0.0,1.0,1.0,2
q01301,4,query_type_router,type_aware,1.0,1.0,1.0,1.0,1
q01302,4,query_type_router,type_aware,0.2,0.0,0.0,1.0,5
q01303,4,query_type_router,type_aware,1.0,1.0,1.0,1.0,1
q01304,4,query_type_router,type_aware,0.5,0.0,1.0,1.0,2
q01308,5,query_type_router,keyword,0.0022172949002217295,0.0,0.0,0.0,451
q01309,5,query_type_router,keyword,0.022727272727272728,0.0,0.0,0.0,44
q01310,5,query_type_router,keyword,0.029411764705882353,0.0,0.0,0.0,34
q01311,5,query_type_router,keyword,0.0005509641873278236,0.0,0.0,0.0,1815
q01312,5,query_type_router,keyword,0.004424778761061947,0.0,0.0,0.0,226
q01313,5,query_type_router,keyword,0.2,0.0,0.0,1.0,5
q01314,5,query_type_router,keyword,0.16666666666666666,0.0,0.0,0.0,6
q01316,5,query_type_router,keyword,0.5,0.0,1.0,1.0,2
q01317,5,query_type_router,keyword,0.010526315789473684,0.0,0.0,0.0,95
q01318,5,query_type_router,keyword,0.3333333333333333,0.0,1.0,1.0,3
q01320,5,query_type_router,keyword,0.022222222222222223,0.0,0.0,0.0,45
q01321,5,query_type_router,keyword,0.07142857142857142,0.0,0.0,0.0,14
q01322,5,query_type_router,keyword,1.0,1.0,1.0,1.0,1
q01324,5,query_type_router,keyword,1.0,1.0,1.0,1.0,1
q01325,5,query_type_router,keyword,1.0,1.0,1.0,1.0,1
q01326,5,query_type_router,keyword,0.5,0.0,1.0,1.0,2
q01327,5,query_type_router,keyword,0.015151515151515152,0.0,0.0,0.0,66
q01328,5,query_type_router,keyword,1.0,1.0,1.0,1.0,1
q01329,5,query_type_router,keyword,1.0,1.0,1.0,1.0,1
q01330,5,query_type_router,keyword,1.0,1.0,1.0,1.0,1
q01331,5,query_type_router,keyword,1.0,1.0,1.0,1.0,1
q01332,5,query_type_router,keyword,1.0,1.0,1.0,1.0,1
q01333,5,query_type_router,keyword,0.5,0.0,1.0,1.0,2
q01334,5,query_type_router,keyword,0.3333333333333333,0.0,1.0,1.0,3
q01335,5,query_type_router,keyword,0.5,0.0,1.0,1.0,2
q01336,5,query_type_router,keyword,0.16666666666666666,0.0,0.0,0.0,6
q01337,5,query_type_router,keyword,0.5,0.0,1.0,1.0,2
q01338,5,query_type_router,keyword,0.5,0.0,1.0,1.0,2
q01339,5,query_type_router,keyword,1.0,1.0,1.0,1.0,1
q01340,5,query_type_router,keyword,0.045454545454545456,0.0,0.0,0.0,22
q01341,5,query_type_router,keyword,0.09090909090909091,0.0,0.0,0.0,11
q01342,5,query_type_router,keyword,0.06666666666666667,0.0,0.0,0.0,15
q01343,5,query_type_router,keyword,0.02564102564102564,0.0,0.0,0.0,39
q01344,5,query_type_router,keyword,0.5,0.0,1.0,1.0,2
q01345,5,query_type_router,keyword,0.08333333333333333,0.0,0.0,0.0,12
q01348,2,query_type_router,type_aware,0.09090909090909091,0.0,0.0,0.0,11
q01349,1,query_type_router,vector,0.25,0.0,0.0,1.0,4
q01350,2,query_type_router,type_aware,0.3333333333333333,0.0,1.0,1.0,3
q01351,2,query_type_router,type_aware,1.0,1.0,1.0,1.0,1
q01352,2,query_type_router,type_aware,0.5,0.0,1.0,1.0,2
q01353,3,query_type_router,type_aware,1.0,1.0,1.0,1.0,1
q01354,1,query_type_router,vector,0.08333333333333333,0.0,0.0,0.0,12
q01355,2,query_type_router,type_aware,1.0,1.0,1.0,1.0,1
q01356,1,query_type_router,vector,1.0,1.0,1.0,1.0,1
q01357,2,query_type_router,type_aware,1.0,1.0,1.0,1.0,1
q01358,2,query_type_router,type_aware,1.0,1.0,1.0,1.0,1
q01359,3,query_type_router,type_aware,1.0,1.0,1.0,1.0,1
q01360,2,query_type_router,type_aware,0.125,0.0,0.0,0.0,8
q01361,1,query_type_router,vector,0.0625,0.0,0.0,0.0,16
q01362,1,query_type_router,vector,1.0,1.0,1.0,1.0,1
q01363,4,query_type_router,type_aware,0.5,0.0,1.0,1.0,2
q01364,4,query_type_router,type_aware,0.25,0.0,0.0,1.0,4
q01365,2,query_type_router,type_aware,0.2,0.0,0.0,1.0,5
q01366,3,query_type_router,type_aware,0.5,0.0,1.0,1.0,2
q01367,1,query_type_router,vector,0.125,0.0,0.0,0.0,8
q01368,1,query_type_router,vector,0.14285714285714285,0.0,0.0,0.0,7
q01369,2,query_type_router,type_aware,1.0,1.0,1.0,1.0,1
q01370,2,query_type_router,type_aware,0.5,0.0,1.0,1.0,2
q01371,3,query_type_router,type_aware,0.010309278350515464,0.0,0.0,0.0,97
q01372,1,query_type_router,vector,1.0,1.0,1.0,1.0,1
q01373,4,query_type_router,type_aware,0.09090909090909091,0.0,0.0,0.0,11
q01374,2,query_type_router,type_aware,0.5,0.0,1.0,1.0,2
q01375,2,query_type_router,type_aware,1.0,1.0,1.0,1.0,1
q01376,3,query_type_router,type_aware,1.0,1.0,1.0,1.0,1
q01377,2,query_type_router,type_aware,1.0,1.0,1.0,1.0,1
q01378,2,query_type_router,type_aware,1.0,1.0,1.0,1.0,1
q01379,2,query_type_router,type_aware,1.0,1.0,1.0,1.0,1
q01380,2,query_type_router,type_aware,1.0,1.0,1.0,1.0,1
q01381,4,query_type_router,type_aware,1.0,1.0,1.0,1.0,1
q01382,2,query_type_router,type_aware,0.14285714285714285,0.0,0.0,0.0,7
q01383,2,query_type_router,type_aware,1.0,1.0,1.0,1.0,1
q01384,3,query_type_router,type_aware,0.1,0.0,0.0,0.0,10
q01385,2,query_type_router,type_aware,1.0,1.0,1.0,1.0,1
q01386,2,query_type_router,type_aware,1.0,1.0,1.0,1.0,1
q01387,1,query_type_router,vector,0.1,0.0,0.0,0.0,10
q01388,3,query_type_router,type_aware,0.09090909090909091,0.0,0.0,0.0,11
q01389,1,query_type_router,vector,0.125,0.0,0.0,0.0,8
q01390,4,query_type_router,type_aware,0.06666666666666667,0.0,0.0,0.0,15
q01391,2,query_type_router,type_aware,0.1,0.0,0.0,0.0,10
q01392,2,query_type_router,type_aware,1.0,1.0,1.0,1.0,1
q01393,2,query_type_router,type_aware,0.3333333333333333,0.0,1.0,1.0,3
q01394,2,query_type_router,type_aware,1.0,1.0,1.0,1.0,1
q01395,2,query_type_router,type_aware,1.0,1.0,1.0,1.0,1
q01396,3,query_type_router,type_aware,0.08333333333333333,0.0,0.0,0.0,12
q01397,4,query_type_router,type_aware,1.0,1.0,1.0,1.0,1
q01398,2,query_type_router,type_aware,0.1,0.0,0.0,0.0,10
q01399,2,query_type_router,type_aware,1.0,1.0,1.0,1.0,1
q01400,2,query_type_router,type_aware,1.0,1.0,1.0,1.0,1
q01401,2,query_type_router,type_aware,0.5,0.0,1.0,1.0,2
q01402,2,query_type_router,type_aware,0.25,0.0,0.0,1.0,4
q01403,2,query_type_router,type_aware,0.3333333333333333,0.0,1.0,1.0,3
q01404,2,query_type_router,type_aware,1.0,1.0,1.0,1.0,1
q01405,2,query_type_router,type_aware,1.0,1.0,1.0,1.0,1
q01406,4,query_type_router,type_aware,0.03225806451612903,0.0,0.0,0.0,31
q01407,4,query_type_router,type_aware,0.3333333333333333,0.0,1.0,1.0,3
q01408,2,query_type_router,type_aware,1.0,1.0,1.0,1.0,1
q01409,4,query_type_router,type_aware,0.125,0.0,0.0,0.0,8
q01410,4,query_type_router,type_aware,0.16666666666666666,0.0,0.0,0.0,6
q01411,4,query_type_router,type_aware,0.5,0.0,1.0,1.0,2
q01412,4,query_type_router,type_aware,1.0,1.0,1.0,1.0,1
q01413,2,query_type_router,type_aware,0.043478260869565216,0.0,0.0,0.0,23
q01414,2,query_type_router,type_aware,1.0,1.0,1.0,1.0,1
q01415,4,query_type_router,type_aware,1.0,1.0,1.0,1.0,1
q01416,2,query_type_router,type_aware,0.25,0.0,0.0,1.0,4
q01417,4,query_type_router,type_aware,1.0,1.0,1.0,1.0,1
q01418,3,query_type_router,type_aware,1.0,1.0,1.0,1.0,1
q01420,4,query_type_router,type_aware,1.0,1.0,1.0,1.0,1
q01421,1,query_type_router,vector,1.0,1.0,1.0,1.0,1
q01423,3,query_type_router,type_aware,1.0,1.0,1.0,1.0,1
q01424,2,query_type_router,type_aware,1.0,1.0,1.0,1.0,1
q01425,1,query_type_router,vector,1.0,1.0,1.0,1.0,1
q01426,2,query_type_router,type_aware,0.004761904761904762,0.0,0.0,0.0,210
q01427,1,query_type_router,vector,1.0,1.0,1.0,1.0,1
q01428,1,query_type_router,vector,1.0,1.0,1.0,1.0,1
q01429,2,query_type_router,type_aware,1.0,1.0,1.0,1.0,1
q01430,1,query_type_router,vector,0.3333333333333333,0.0,1.0,1.0,3
q01431,1,query_type_router,vector,1.0,1.0,1.0,1.0,1
q01432,1,query_type_router,vector,0.14285714285714285,0.0,0.0,0.0,7
q01433,1,query_type_router,vector,1.0,1.0,1.0,1.0,1
q01434,1,query_type_router,vector,0.09090909090909091,0.0,0.0,0.0,11
q01435,1,query_type_router,vector,0.125,0.0,0.0,0.0,8
q01436,1,query_type_router,vector,0.14285714285714285,0.0,0.0,0.0,7
q01437,4,query_type_router,type_aware,0.25,0.0,0.0,1.0,4
q01438,4,query_type_router,type_aware,0.09090909090909091,0.0,0.0,0.0,11
q01439,4,query_type_router,type_aware,0.06666666666666667,0.0,0.0,0.0,15
q01440,4,query_type_router,type_aware,0.03225806451612903,0.0,0.0,0.0,31
q01441,4,query_type_router,type_aware,0.125,0.0,0.0,0.0,8
q01442,4,query_type_router,type_aware,0.16666666666666666,0.0,0.0,0.0,6
q01443,4,query_type_router,type_aware,0.5,0.0,1.0,1.0,2
q01444,4,query_type_router,type_aware,1.0,1.0,1.0,1.0,1
q01445,4,query_type_router,type_aware,1.0,1.0,1.0,1.0,1
q01446,4,query_type_router,type_aware,1.0,1.0,1.0,1.0,1
q01448,4,query_type_router,type_aware,0.5,0.0,1.0,1.0,2
q01449,4,query_type_router,type_aware,0.2,0.0,0.0,1.0,5
q01450,4,query_type_router,type_aware,0.2,0.0,0.0,1.0,5
q01451,4,query_type_router,type_aware,1.0,1.0,1.0,1.0,1
q01452,4,query_type_router,type_aware,0.1,0.0,0.0,0.0,10
q01453,4,query_type_router,type_aware,0.3333333333333333,0.0,1.0,1.0,3
q01454,4,query_type_router,type_aware,0.05555555555555555,0.0,0.0,0.0,18
q01455,4,query_type_router,type_aware,0.3333333333333333,0.0,1.0,1.0,3
q01456,4,query_type_router,type_aware,0.5,0.0,1.0,1.0,2
q01457,4,query_type_router,type_aware,0.037037037037037035,0.0,0.0,0.0,27
q01458,4,query_type_router,type_aware,1.0,1.0,1.0,1.0,1
q01459,4,query_type_router,type_aware,1.0,1.0,1.0,1.0,1
q01460,4,query_type_router,type_aware,1.0,1.0,1.0,1.0,1
q01461,4,query_type_router,type_aware,1.0,1.0,1.0,1.0,1
q01462,4,query_type_router,type_aware,1.0,1.0,1.0,1.0,1
q01463,4,query_type_router,type_aware,1.0,1.0,1.0,1.0,1
q01464,4,query_type_router,type_aware,0.018867924528301886,0.0,0.0,0.0,53
q01465,4,query_type_router,type_aware,0.25,0.0,0.0,1.0,4
q01466,4,query_type_router,type_aware,1.0,1.0,1.0,1.0,1
q01467,4,query_type_router,type_aware,1.0,1.0,1.0,1.0,1
q01468,4,query_type_router,type_aware,0.14285714285714285,0.0,0.0,0.0,7
q01469,4,query_type_router,type_aware,0.1111111111111111,0.0,0.0,0.0,9
q01470,4,query_type_router,type_aware,1.0,1.0,1.0,1.0,1
q01471,4,query_type_router,type_aware,1.0,1.0,1.0,1.0,1
q01472,4,query_type_router,type_aware,0.3333333333333333,0.0,1.0,1.0,3
q01473,4,query_type_router,type_aware,0.5,0.0,1.0,1.0,2
q01474,4,query_type_router,type_aware,0.06666666666666667,0.0,0.0,0.0,15
q01475,4,query_type_router,type_aware,1.0,1.0,1.0,1.0,1
q01476,4,query_type_router,type_aware,1.0,1.0,1.0,1.0,1
q01477,4,query_type_router,type_aware,1.0,1.0,1.0,1.0,1
q01478,4,query_type_router,type_aware,1.0,1.0,1.0,1.0,1
q01479,4,query_type_router,type_aware,1.0,1.0,1.0,1.0,1
q01480,4,query_type_router,type_aware,1.0,1.0,1.0,1.0,1
q01481,4,query_type_router,type_aware,0.02631578947368421,0.0,0.0,0.0,38
q01482,4,query_type_router,type_aware,0.5,0.0,1.0,1.0,2
q01483,4,query_type_router,type_aware,0.25,0.0,0.0,1.0,4
q01484,4,query_type_router,type_aware,1.0,1.0,1.0,1.0,1
q01485,4,query_type_router,type_aware,1.0,1.0,1.0,1.0,1
q01487,4,query_type_router,type_aware,1.0,1.0,1.0,1.0,1
q01488,4,query_type_router,type_aware,0.1111111111111111,0.0,0.0,0.0,9
q01489,4,query_type_router,type_aware,0.5,0.0,1.0,1.0,2
q01490,4,query_type_router,type_aware,1.0,1.0,1.0,1.0,1
q01491,4,query_type_router,type_aware,1.0,1.0,1.0,1.0,1
q01492,4,query_type_router,type_aware,0.5,0.0,1.0,1.0,2
q01493,4,query_type_router,type_aware,1.0,1.0,1.0,1.0,1
q01494,4,query_type_router,type_aware,0.25,0.0,0.0,1.0,4
q01495,4,query_type_router,type_aware,1.0,1.0,1.0,1.0,1
q01496,4,query_type_router,type_aware,1.0,1.0,1.0,1.0,1
q01497,4,query_type_router,type_aware,0.011764705882352941,0.0,0.0,0.0,85
q01498,4,query_type_router,type_aware,0.1111111111111111,0.0,0.0,0.0,9
q01499,4,query_type_router,type_aware,1.0,1.0,1.0,1.0,1
q01501,4,query_type_router,type_aware,1.0,1.0,1.0,1.0,1
q01502,4,query_type_router,type_aware,1.0,1.0,1.0,1.0,1
q01503,4,query_type_router,type_aware,0.0035460992907801418,0.0,0.0,0.0,282
q01504,4,query_type_router,type_aware,1.0,1.0,1.0,1.0,1
q01505,4,query_type_router,type_aware,1.0,1.0,1.0,1.0,1
q01506,4,query_type_router,type_aware,0.125,0.0,0.0,0.0,8
q01507,4,query_type_router,type_aware,0.025,0.0,0.0,0.0,40
q01508,4,query_type_router,type_aware,1.0,1.0,1.0,1.0,1
q01509,4,query_type_router,type_aware,0.3333333333333333,0.0,1.0,1.0,3
q01510,4,query_type_router,type_aware,0.3333333333333333,0.0,1.0,1.0,3
q01511,4,query_type_router,type_aware,1.0,1.0,1.0,1.0,1
q01512,4,query_type_router,type_aware,1.0,1.0,1.0,1.0,1
q01513,4,query_type_router,type_aware,1.0,1.0,1.0,1.0,1
q01514,4,query_type_router,type_aware,0.2,0.0,0.0,1.0,5
q01515,4,query_type_router,type_aware,1.0,1.0,1.0,1.0,1
q01516,4,query_type_router,type_aware,1.0,1.0,1.0,1.0,1
q01517,4,query_type_router,type_aware,0.024390243902439025,0.0,0.0,0.0,41
q01518,4,query_type_router,type_aware,1.0,1.0,1.0,1.0,1
q01519,4,query_type_router,type_aware,1.0,1.0,1.0,1.0,1
q01520,4,query_type_router,type_aware,1.0,1.0,1.0,1.0,1
q01521,4,query_type_router,type_aware,0.5,0.0,1.0,1.0,2
q01523,4,query_type_router,type_aware,1.0,1.0,1.0,1.0,1
q01525,4,query_type_router,type_aware,0.037037037037037035,0.0,0.0,0.0,27
q01526,4,query_type_router,type_aware,0.0625,0.0,0.0,0.0,16
q01527,4,query_type_router,type_aware,0.16666666666666666,0.0,0.0,0.0,6
q01529,4,query_type_router,type_aware,1.0,1.0,1.0,1.0,1
q01530,4,query_type_router,type_aware,1.0,1.0,1.0,1.0,1
q01531,4,query_type_router,type_aware,1.0,1.0,1.0,1.0,1
q01532,4,query_type_router,type_aware,1.0,1.0,1.0,1.0,1
q01533,4,query_type_router,type_aware,0.25,0.0,0.0,1.0,4
q01534,4,query_type_router,type_aware,1.0,1.0,1.0,1.0,1
q01535,4,query_type_router,type_aware,1.0,1.0,1.0,1.0,1
q01536,4,query_type_router,type_aware,1.0,1.0,1.0,1.0,1
q01537,4,query_type_router,type_aware,1.0,1.0,1.0,1.0,1
q01538,4,query_type_router,type_aware,1.0,1.0,1.0,1.0,1
q01539,5,query_type_router,keyword,0.00047961630695443646,0.0,0.0,0.0,2085
q01540,5,query_type_router,keyword,0.0005076142131979696,0.0,0.0,0.0,1970
q01541,5,query_type_router,keyword,0.0041841004184100415,0.0,0.0,0.0,239
q01542,5,query_type_router,keyword,1.0,1.0,1.0,1.0,1
q01543,5,query_type_router,keyword,1.0,1.0,1.0,1.0,1
q01544,5,query_type_router,keyword,0.1,0.0,0.0,0.0,10
q01545,5,query_type_router,keyword,0.5,0.0,1.0,1.0,2
q01546,5,query_type_router,keyword,0.0011587485515643105,0.0,0.0,0.0,863
q01547,5,query_type_router,keyword,0.00205761316872428,0.0,0.0,0.0,486
q01548,5,query_type_router,keyword,1.0,1.0,1.0,1.0,1
q01549,5,query_type_router,keyword,1.0,1.0,1.0,1.0,1
q01550,5,query_type_router,keyword,0.5,0.0,1.0,1.0,2
q01551,5,query_type_router,keyword,0.0196078431372549,0.0,0.0,0.0,51
q01552,5,query_type_router,keyword,1.0,1.0,1.0,1.0,1
q01553,5,query_type_router,keyword,1.0,1.0,1.0,1.0,1
q01554,5,query_type_router,keyword,0.005050505050505051,0.0,0.0,0.0,198
q01555,5,query_type_router,keyword,0.16666666666666666,0.0,0.0,0.0,6
q01556,5,query_type_router,keyword,0.3333333333333333,0.0,1.0,1.0,3
q01557,5,query_type_router,keyword,0.006535947712418301,0.0,0.0,0.0,153
q01558,5,query_type_router,keyword,1.0,1.0,1.0,1.0,1
q01559,5,query_type_router,keyword,0.125,0.0,0.0,0.0,8
q01560,5,query_type_router,keyword,0.030303030303030304,0.0,0.0,0.0,33
q01562,5,query_type_router,keyword,1.0,1.0,1.0,1.0,1
q01563,5,query_type_router,keyword,0.3333333333333333,0.0,1.0,1.0,3
q01564,5,query_type_router,keyword,1.0,1.0,1.0,1.0,1
q01565,5,query_type_router,keyword,1.0,1.0,1.0,1.0,1
q01566,5,query_type_router,keyword,0.002398081534772182,0.0,0.0,0.0,417
q01567,5,query_type_router,keyword,0.002320185614849188,0.0,0.0,0.0,431
q01569,5,query_type_router,keyword,1.0,1.0,1.0,1.0,1
q01570,5,query_type_router,keyword,0.0004780114722753346,0.0,0.0,0.0,2092
q01571,5,query_type_router,keyword,0.045454545454545456,0.0,0.0,0.0,22
q01572,5,query_type_router,keyword,0.030303030303030304,0.0,0.0,0.0,33
q01573,5,query_type_router,keyword,0.09090909090909091,0.0,0.0,0.0,11
q01574,5,query_type_router,keyword,0.5,0.0,1.0,1.0,2
q01575,5,query_type_router,keyword,1.0,1.0,1.0,1.0,1
q01576,5,query_type_router,keyword,0.1111111111111111,0.0,0.0,0.0,9
q01577,5,query_type_router,keyword,1.0,1.0,1.0,1.0,1
q01578,5,query_type_router,keyword,1.0,1.0,1.0,1.0,1
q01579,5,query_type_router,keyword,1.0,1.0,1.0,1.0,1
q01580,5,query_type_router,keyword,1.0,1.0,1.0,1.0,1
q01582,5,query_type_router,keyword,0.5,0.0,1.0,1.0,2
q01583,5,query_type_router,keyword,0.5,0.0,1.0,1.0,2
q01584,5,query_type_router,keyword,0.16666666666666666,0.0,0.0,0.0,6
q01585,5,query_type_router,keyword,1.0,1.0,1.0,1.0,1
q01586,5,query_type_router,keyword,0.06666666666666667,0.0,0.0,0.0,15
q01587,1,query_type_router,vector,1.0,1.0,1.0,1.0,1
q01588,1,query_type_router,vector,0.5,0.0,1.0,1.0,2
q01589,1,query_type_router,vector,0.5,0.0,1.0,1.0,2
q01590,1,query_type_router,vector,0.5,0.0,1.0,1.0,2
q01591,2,query_type_router,type_aware,0.5,0.0,1.0,1.0,2
q01592,3,query_type_router,type_aware,0.014925373134328358,0.0,0.0,0.0,67
q01593,1,query_type_router,vector,0.045454545454545456,0.0,0.0,0.0,22
q01594,1,query_type_router,vector,1.0,1.0,1.0,1.0,1
q01595,1,query_type_router,vector,0.16666666666666666,0.0,0.0,0.0,6
q01596,2,query_type_router,type_aware,1.0,1.0,1.0,1.0,1
q01597,3,query_type_router,type_aware,0.3333333333333333,0.0,1.0,1.0,3
q01598,1,query_type_router,vector,1.0,1.0,1.0,1.0,1
q01599,2,query_type_router,type_aware,1.0,1.0,1.0,1.0,1
q01600,2,query_type_router,type_aware,1.0,1.0,1.0,1.0,1
q01601,1,query_type_router,vector,1.0,1.0,1.0,1.0,1
q01602,1,query_type_router,vector,0.5,0.0,1.0,1.0,2
q01603,1,query_type_router,vector,1.0,1.0,1.0,1.0,1
q01604,2,query_type_router,type_aware,1.0,1.0,1.0,1.0,1
q01605,1,query_type_router,vector,0.3333333333333333,0.0,1.0,1.0,3
q01606,3,query_type_router,type_aware,0.25,0.0,0.0,1.0,4
q01607,3,query_type_router,type_aware,0.2,0.0,0.0,1.0,5
q01608,1,query_type_router,vector,1.0,1.0,1.0,1.0,1
q01609,2,query_type_router,type_aware,0.0625,0.0,0.0,0.0,16
q01610,2,query_type_router,type_aware,1.0,1.0,1.0,1.0,1
q01611,2,query_type_router,type_aware,0.0009861932938856016,0.0,0.0,0.0,1014
q01612,2,query_type_router,type_aware,0.25,0.0,0.0,1.0,4
q01613,1,query_type_router,vector,1.0,1.0,1.0,1.0,1
q01614,3,query_type_router,type_aware,0.03125,0.0,0.0,0.0,32
q01615,1,query_type_router,vector,0.25,0.0,0.0,1.0,4
q01616,1,query_type_router,vector,0.5,0.0,1.0,1.0,2
q01617,2,query_type_router,type_aware,1.0,1.0,1.0,1.0,1
q01619,1,query_type_router,vector,0.25,0.0,0.0,1.0,4
q01620,1,query_type_router,vector,1.0,1.0,1.0,1.0,1
q01621,1,query_type_router,vector,1.0,1.0,1.0,1.0,1
q01622,2,query_type_router,type_aware,1.0,1.0,1.0,1.0,1
q01623,1,query_type_router,vector,1.0,1.0,1.0,1.0,1
q01624,1,query_type_router,vector,1.0,1.0,1.0,1.0,1
q01626,2,query_type_router,type_aware,1.0,1.0,1.0,1.0,1
q01627,2,query_type_router,type_aware,1.0,1.0,1.0,1.0,1
q01628,2,query_type_router,type_aware,1.0,1.0,1.0,1.0,1
q01629,1,query_type_router,vector,1.0,1.0,1.0,1.0,1
q01630,3,query_type_router,type_aware,0.2,0.0,0.0,1.0,5
q01631,1,query_type_router,vector,0.5,0.0,1.0,1.0,2
q01632,2,query_type_router,type_aware,0.018518518518518517,0.0,0.0,0.0,54
q01634,2,query_type_router,type_aware,1.0,1.0,1.0,1.0,1
q01635,1,query_type_router,vector,0.16666666666666666,0.0,0.0,0.0,6
q01636,1,query_type_router,vector,1.0,1.0,1.0,1.0,1
q01637,1,query_type_router,vector,1.0,1.0,1.0,1.0,1
q01638,3,query_type_router,type_aware,0.05,0.0,0.0,0.0,20
q01639,2,query_type_router,type_aware,0.16666666666666666,0.0,0.0,0.0,6
q01640,2,query_type_router,type_aware,0.25,0.0,0.0,1.0,4
q01641,1,query_type_router,vector,0.25,0.0,0.0,1.0,4
q01642,1,query_type_router,vector,1.0,1.0,1.0,1.0,1
q01643,1,query_type_router,vector,1.0,1.0,1.0,1.0,1
q01644,3,query_type_router,type_aware,0.1,0.0,0.0,0.0,10
q01645,2,query_type_router,type_aware,1.0,1.0,1.0,1.0,1
q01646,2,query_type_router,type_aware,0.25,0.0,0.0,1.0,4
q01647,2,query_type_router,type_aware,1.0,1.0,1.0,1.0,1
q01648,2,query_type_router,type_aware,1.0,1.0,1.0,1.0,1
q01649,1,query_type_router,vector,0.14285714285714285,0.0,0.0,0.0,7
q01650,2,query_type_router,type_aware,1.0,1.0,1.0,1.0,1
q01651,1,query_type_router,vector,0.25,0.0,0.0,1.0,4
q01652,3,query_type_router,type_aware,1.0,1.0,1.0,1.0,1
q01653,2,query_type_router,type_aware,1.0,1.0,1.0,1.0,1
q01654,2,query_type_router,type_aware,1.0,1.0,1.0,1.0,1
q01655,2,query_type_router,type_aware,0.041666666666666664,0.0,0.0,0.0,24
q01656,1,query_type_router,vector,0.5,0.0,1.0,1.0,2
q01657,2,query_type_router,type_aware,0.0625,0.0,0.0,0.0,16
q01658,3,query_type_router,type_aware,0.16666666666666666,0.0,0.0,0.0,6
q01659,1,query_type_router,vector,0.2,0.0,0.0,1.0,5
q01660,2,query_type_router,type_aware,1.0,1.0,1.0,1.0,1
q01661,2,query_type_router,type_aware,1.0,1.0,1.0,1.0,1
q01662,2,query_type_router,type_aware,1.0,1.0,1.0,1.0,1
q01663,2,query_type_router,type_aware,0.5,0.0,1.0,1.0,2
q01664,1,query_type_router,vector,0.3333333333333333,0.0,1.0,1.0,3
q01665,1,query_type_router,vector,1.0,1.0,1.0,1.0,1
q01666,2,query_type_router,type_aware,1.0,1.0,1.0,1.0,1
q01667,2,query_type_router,type_aware,0.5,0.0,1.0,1.0,2
q01668,1,query_type_router,vector,1.0,1.0,1.0,1.0,1
q01669,1,query_type_router,vector,1.0,1.0,1.0,1.0,1
q01670,4,query_type_router,type_aware,0.5,0.0,1.0,1.0,2
q01671,4,query_type_router,type_aware,0.5,0.0,1.0,1.0,2
q01672,4,query_type_router,type_aware,1.0,1.0,1.0,1.0,1
q01674,4,query_type_router,type_aware,0.5,0.0,1.0,1.0,2
q01675,4,query_type_router,type_aware,1.0,1.0,1.0,1.0,1
q01676,4,query_type_router,type_aware,0.16666666666666666,0.0,0.0,0.0,6
q01677,4,query_type_router,type_aware,0.2,0.0,0.0,1.0,5
q01678,4,query_type_router,type_aware,1.0,1.0,1.0,1.0,1
q01679,4,query_type_router,type_aware,1.0,1.0,1.0,1.0,1
q01680,4,query_type_router,type_aware,1.0,1.0,1.0,1.0,1
q01681,4,query_type_router,type_aware,1.0,1.0,1.0,1.0,1
q01682,4,query_type_router,type_aware,0.06666666666666667,0.0,0.0,0.0,15
q01683,4,query_type_router,type_aware,0.14285714285714285,0.0,0.0,0.0,7
q01684,4,query_type_router,type_aware,0.06666666666666667,0.0,0.0,0.0,15
q01685,4,query_type_router,type_aware,0.058823529411764705,0.0,0.0,0.0,17
q01687,4,query_type_router,type_aware,1.0,1.0,1.0,1.0,1
q01688,4,query_type_router,type_aware,1.0,1.0,1.0,1.0,1
q01689,4,query_type_router,type_aware,0.5,0.0,1.0,1.0,2
q01690,4,query_type_router,type_aware,0.01818181818181818,0.0,0.0,0.0,55
q01691,4,query_type_router,type_aware,1.0,1.0,1.0,1.0,1
q01692,4,query_type_router,type_aware,1.0,1.0,1.0,1.0,1
q01693,4,query_type_router,type_aware,1.0,1.0,1.0,1.0,1
q01694,4,query_type_router,type_aware,1.0,1.0,1.0,1.0,1
q01695,4,query_type_router,type_aware,1.0,1.0,1.0,1.0,1
q01696,4,query_type_router,type_aware,1.0,1.0,1.0,1.0,1
q01697,4,query_type_router,type_aware,0.07692307692307693,0.0,0.0,0.0,13
q01698,4,query_type_router,type_aware,1.0,1.0,1.0,1.0,1
q01700,4,query_type_router,type_aware,1.0,1.0,1.0,1.0,1
q01701,4,query_type_router,type_aware,0.034482758620689655,0.0,0.0,0.0,29
q01702,4,query_type_router,type_aware,0.024390243902439025,0.0,0.0,0.0,41
q01703,4,query_type_router,type_aware,0.07142857142857142,0.0,0.0,0.0,14
q01704,4,query_type_router,type_aware,1.0,1.0,1.0,1.0,1
q01705,4,query_type_router,type_aware,0.07142857142857142,0.0,0.0,0.0,14
q01706,4,query_type_router,type_aware,1.0,1.0,1.0,1.0,1
q01707,4,query_type_router,type_aware,0.25,0.0,0.0,1.0,4
q01708,4,query_type_router,type_aware,0.3333333333333333,0.0,1.0,1.0,3
q01709,4,query_type_router,type_aware,0.04,0.0,0.0,0.0,25
q01710,4,query_type_router,type_aware,1.0,1.0,1.0,1.0,1
q01711,4,query_type_router,type_aware,1.0,1.0,1.0,1.0,1
q01712,4,query_type_router,type_aware,1.0,1.0,1.0,1.0,1
q01713,4,query_type_router,type_aware,1.0,1.0,1.0,1.0,1
q01714,4,query_type_router,type_aware,0.125,0.0,0.0,0.0,8
q01715,4,query_type_router,type_aware,1.0,1.0,1.0,1.0,1
q01716,4,query_type_router,type_aware,1.0,1.0,1.0,1.0,1
q01718,4,query_type_router,type_aware,0.5,0.0,1.0,1.0,2
q01720,4,query_type_router,type_aware,0.023255813953488372,0.0,0.0,0.0,43
q01721,4,query_type_router,type_aware,1.0,1.0,1.0,1.0,1
q01722,4,query_type_router,type_aware,1.0,1.0,1.0,1.0,1
q01724,4,query_type_router,type_aware,1.0,1.0,1.0,1.0,1
q01725,4,query_type_router,type_aware,1.0,1.0,1.0,1.0,1
q01727,4,query_type_router,type_aware,0.3333333333333333,0.0,1.0,1.0,3
q01729,4,query_type_router,type_aware,0.0625,0.0,0.0,0.0,16
q01730,4,query_type_router,type_aware,1.0,1.0,1.0,1.0,1
q01731,4,query_type_router,type_aware,0.2,0.0,0.0,1.0,5
q01732,4,query_type_router,type_aware,1.0,1.0,1.0,1.0,1
q01733,4,query_type_router,type_aware,1.0,1.0,1.0,1.0,1
q01734,4,query_type_router,type_aware,1.0,1.0,1.0,1.0,1
q01735,4,query_type_router,type_aware,1.0,1.0,1.0,1.0,1
q01736,4,query_type_router,type_aware,0.5,0.0,1.0,1.0,2
q01737,4,query_type_router,type_aware,1.0,1.0,1.0,1.0,1
q01738,4,query_type_router,type_aware,1.0,1.0,1.0,1.0,1
q01740,4,query_type_router,type_aware,1.0,1.0,1.0,1.0,1
q01741,4,query_type_router,type_aware,0.3333333333333333,0.0,1.0,1.0,3
q01742,4,query_type_router,type_aware,1.0,1.0,1.0,1.0,1
q01743,5,query_type_router,keyword,1.0,1.0,1.0,1.0,1
q01744,5,query_type_router,keyword,0.5,0.0,1.0,1.0,2
q01745,5,query_type_router,keyword,0.3333333333333333,0.0,1.0,1.0,3
q01746,5,query_type_router,keyword,0.125,0.0,0.0,0.0,8
q01747,5,query_type_router,keyword,0.5,0.0,1.0,1.0,2
q01748,5,query_type_router,keyword,0.025,0.0,0.0,0.0,40
q01749,5,query_type_router,keyword,1.0,1.0,1.0,1.0,1
q01750,5,query_type_router,keyword,1.0,1.0,1.0,1.0,1
q01751,5,query_type_router,keyword,0.00044072278536800354,0.0,0.0,0.0,2269
q01752,5,query_type_router,keyword,0.00043159257660768235,0.0,0.0,0.0,2317
q01753,5,query_type_router,keyword,1.0,1.0,1.0,1.0,1
q01754,5,query_type_router,keyword,1.0,1.0,1.0,1.0,1
q01755,5,query_type_router,keyword,0.3333333333333333,0.0,1.0,1.0,3
q01756,5,query_type_router,keyword,0.5,0.0,1.0,1.0,2
q01757,5,query_type_router,keyword,1.0,1.0,1.0,1.0,1
q01758,5,query_type_router,keyword,1.0,1.0,1.0,1.0,1
q01759,5,query_type_router,keyword,0.5,0.0,1.0,1.0,2
q01760,5,query_type_router,keyword,1.0,1.0,1.0,1.0,1
q01761,5,query_type_router,keyword,0.00042498937526561835,0.0,0.0,0.0,2353
q01762,5,query_type_router,keyword,1.0,1.0,1.0,1.0,1
q01763,5,query_type_router,keyword,0.00044483985765124553,0.0,0.0,0.0,2248
q01764,5,query_type_router,keyword,1.0,1.0,1.0,1.0,1
q01765,5,query_type_router,keyword,0.008695652173913044,0.0,0.0,0.0,115
q01766,5,query_type_router,keyword,0.0004512635379061372,0.0,0.0,0.0,2216
q01767,5,query_type_router,keyword,1.0,1.0,1.0,1.0,1
q01768,5,query_type_router,keyword,1.0,1.0,1.0,1.0,1
q01769,5,query_type_router,keyword,1.0,1.0,1.0,1.0,1
q01770,5,query_type_router,keyword,1.0,1.0,1.0,1.0,1
q01771,5,query_type_router,keyword,1.0,1.0,1.0,1.0,1
q01772,5,query_type_router,keyword,1.0,1.0,1.0,1.0,1
q01773,5,query_type_router,keyword,1.0,1.0,1.0,1.0,1
q01774,5,query_type_router,keyword,0.013888888888888888,0.0,0.0,0.0,72
q01775,5,query_type_router,keyword,0.0015384615384615385,0.0,0.0,0.0,650
q01776,5,query_type_router,keyword,1.0,1.0,1.0,1.0,1
q01777,5,query_type_router,keyword,1.0,1.0,1.0,1.0,1
q01778,5,query_type_router,keyword,1.0,1.0,1.0,1.0,1
q01779,5,query_type_router,keyword,1.0,1.0,1.0,1.0,1
q01780,5,query_type_router,keyword,1.0,1.0,1.0,1.0,1
q01782,5,query_type_router,keyword,0.5,0.0,1.0,1.0,2
q01783,2,query_type_router,type_aware,0.125,0.0,0.0,0.0,8
q01784,1,query_type_router,vector,0.14285714285714285,0.0,0.0,0.0,7
q01785,2,query_type_router,type_aware,1.0,1.0,1.0,1.0,1
q01786,1,query_type_router,vector,0.16666666666666666,0.0,0.0,0.0,6
q01787,3,query_type_router,type_aware,0.07142857142857142,0.0,0.0,0.0,14
q01788,1,query_type_router,vector,0.5,0.0,1.0,1.0,2
q01789,1,query_type_router,vector,1.0,1.0,1.0,1.0,1
q01790,3,query_type_router,type_aware,0.3333333333333333,0.0,1.0,1.0,3
q01791,2,query_type_router,type_aware,1.0,1.0,1.0,1.0,1
q01792,2,query_type_router,type_aware,1.0,1.0,1.0,1.0,1
q01793,2,query_type_router,type_aware,1.0,1.0,1.0,1.0,1
q01794,1,query_type_router,vector,0.015384615384615385,0.0,0.0,0.0,65
q01795,2,query_type_router,type_aware,1.0,1.0,1.0,1.0,1
q01796,3,query_type_router,type_aware,0.3333333333333333,0.0,1.0,1.0,3
q01797,2,query_type_router,type_aware,1.0,1.0,1.0,1.0,1
q01798,1,query_type_router,vector,1.0,1.0,1.0,1.0,1
q01799,2,query_type_router,type_aware,1.0,1.0,1.0,1.0,1
q01800,2,query_type_router,type_aware,0.2,0.0,0.0,1.0,5
q01801,1,query_type_router,vector,0.5,0.0,1.0,1.0,2
q01802,1,query_type_router,vector,0.3333333333333333,0.0,1.0,1.0,3
q01803,1,query_type_router,vector,1.0,1.0,1.0,1.0,1
q01804,3,query_type_router,type_aware,1.0,1.0,1.0,1.0,1
q01805,1,query_type_router,vector,1.0,1.0,1.0,1.0,1
q01806,1,query_type_router,vector,0.2,0.0,0.0,1.0,5
q01807,1,query_type_router,vector,0.5,0.0,1.0,1.0,2
q01808,2,query_type_router,type_aware,1.0,1.0,1.0,1.0,1
q01809,2,query_type_router,type_aware,1.0,1.0,1.0,1.0,1
q01810,2,query_type_router,type_aware,0.016129032258064516,0.0,0.0,0.0,62
q01811,1,query_type_router,vector,0.3333333333333333,0.0,1.0,1.0,3
q01812,1,query_type_router,vector,0.024390243902439025,0.0,0.0,0.0,41
q01813,1,query_type_router,vector,1.0,1.0,1.0,1.0,1
q01814,2,query_type_router,type_aware,0.125,0.0,0.0,0.0,8
q01815,1,query_type_router,vector,0.3333333333333333,0.0,1.0,1.0,3
q01816,1,query_type_router,vector,1.0,1.0,1.0,1.0,1
q01817,2,query_type_router,type_aware,1.0,1.0,1.0,1.0,1
q01818,2,query_type_router,type_aware,1.0,1.0,1.0,1.0,1
q01819,2,query_type_router,type_aware,0.5,0.0,1.0,1.0,2
q01820,3,query_type_router,type_aware,0.07692307692307693,0.0,0.0,0.0,13
q01821,2,query_type_router,type_aware,0.5,0.0,1.0,1.0,2
q01823,1,query_type_router,vector,0.02631578947368421,0.0,0.0,0.0,38
q01824,1,query_type_router,vector,0.045454545454545456,0.0,0.0,0.0,22
q01826,2,query_type_router,type_aware,0.041666666666666664,0.0,0.0,0.0,24
q01827,2,query_type_router,type_aware,1.0,1.0,1.0,1.0,1
q01828,1,query_type_router,vector,0.014084507042253521,0.0,0.0,0.0,71
q01829,1,query_type_router,vector,0.09090909090909091,0.0,0.0,0.0,11
q01830,1,query_type_router,vector,1.0,1.0,1.0,1.0,1
q01831,2,query_type_router,type_aware,0.014285714285714285,0.0,0.0,0.0,70
q01832,1,query_type_router,vector,1.0,1.0,1.0,1.0,1
q01833,2,query_type_router,type_aware,1.0,1.0,1.0,1.0,1
q01834,2,query_type_router,type_aware,0.3333333333333333,0.0,1.0,1.0,3
q01835,2,query_type_router,type_aware,1.0,1.0,1.0,1.0,1
q01836,1,query_type_router,vector,0.5,0.0,1.0,1.0,2
q01837,1,query_type_router,vector,0.1,0.0,0.0,0.0,10
q01838,2,query_type_router,type_aware,1.0,1.0,1.0,1.0,1
q01839,1,query_type_router,vector,0.14285714285714285,0.0,0.0,0.0,7
q01840,2,query_type_router,type_aware,0.125,0.0,0.0,0.0,8
q01841,1,query_type_router,vector,1.0,1.0,1.0,1.0,1
q01842,1,query_type_router,vector,0.5,0.0,1.0,1.0,2
q01843,1,query_type_router,vector,1.0,1.0,1.0,1.0,1
q01844,2,query_type_router,type_aware,1.0,1.0,1.0,1.0,1
q01845,2,query_type_router,type_aware,1.0,1.0,1.0,1.0,1
q01847,1,query_type_router,vector,0.5,0.0,1.0,1.0,2
q01848,2,query_type_router,type_aware,0.5,0.0,1.0,1.0,2
q01849,1,query_type_router,vector,0.3333333333333333,0.0,1.0,1.0,3
q01850,2,query_type_router,type_aware,0.06666666666666667,0.0,0.0,0.0,15
q01851,2,query_type_router,type_aware,0.09090909090909091,0.0,0.0,0.0,11
q01853,2,query_type_router,type_aware,0.0006775067750677507,0.0,0.0,0.0,1476
q01854,4,query_type_router,type_aware,1.0,1.0,1.0,1.0,1
q01855,4,query_type_router,type_aware,1.0,1.0,1.0,1.0,1
q01856,4,query_type_router,type_aware,0.5,0.0,1.0,1.0,2
q01857,4,query_type_router,type_aware,1.0,1.0,1.0,1.0,1
q01858,4,query_type_router,type_aware,0.3333333333333333,0.0,1.0,1.0,3
q01859,4,query_type_router,type_aware,0.5,0.0,1.0,1.0,2
q01860,4,query_type_router,type_aware,1.0,1.0,1.0,1.0,1
q01861,4,query_type_router,type_aware,1.0,1.0,1.0,1.0,1
q01862,4,query_type_router,type_aware,0.07142857142857142,0.0,0.0,0.0,14
q01863,4,query_type_router,type_aware,0.0029850746268656717,0.0,0.0,0.0,335
q01864,4,query_type_router,type_aware,1.0,1.0,1.0,1.0,1
q01865,4,query_type_router,type_aware,0.16666666666666666,0.0,0.0,0.0,6
q01866,4,query_type_router,type_aware,1.0,1.0,1.0,1.0,1
q01867,4,query_type_router,type_aware,0.009708737864077669,0.0,0.0,0.0,103
q01868,4,query_type_router,type_aware,1.0,1.0,1.0,1.0,1
q01869,4,query_type_router,type_aware,0.2,0.0,0.0,1.0,5
q01871,4,query_type_router,type_aware,1.0,1.0,1.0,1.0,1
q01872,4,query_type_router,type_aware,0.5,0.0,1.0,1.0,2
q01873,4,query_type_router,type_aware,1.0,1.0,1.0,1.0,1
q01874,4,query_type_router,type_aware,0.5,0.0,1.0,1.0,2
q01875,4,query_type_router,type_aware,0.5,0.0,1.0,1.0,2
q01877,4,query_type_router,type_aware,1.0,1.0,1.0,1.0,1
q01878,4,query_type_router,type_aware,1.0,1.0,1.0,1.0,1
q01879,4,query_type_router,type_aware,0.5,0.0,1.0,1.0,2
q01881,4,query_type_router,type_aware,1.0,1.0,1.0,1.0,1
q01882,4,query_type_router,type_aware,1.0,1.0,1.0,1.0,1
q01883,4,query_type_router,type_aware,1.0,1.0,1.0,1.0,1
q01884,4,query_type_router,type_aware,0.2,0.0,0.0,1.0,5
q01885,4,query_type_router,type_aware,1.0,1.0,1.0,1.0,1
q01886,4,query_type_router,type_aware,1.0,1.0,1.0,1.0,1
q01887,4,query_type_router,type_aware,1.0,1.0,1.0,1.0,1
q01888,4,query_type_router,type_aware,1.0,1.0,1.0,1.0,1
q01889,4,query_type_router,type_aware,1.0,1.0,1.0,1.0,1
q01890,4,query_type_router,type_aware,0.045454545454545456,0.0,0.0,0.0,22
q01891,4,query_type_router,type_aware,0.5,0.0,1.0,1.0,2
q01892,4,query_type_router,type_aware,1.0,1.0,1.0,1.0,1
q01893,4,query_type_router,type_aware,0.16666666666666666,0.0,0.0,0.0,6
q01894,4,query_type_router,type_aware,1.0,1.0,1.0,1.0,1
q01895,4,query_type_router,type_aware,0.25,0.0,0.0,1.0,4
q01896,4,query_type_router,type_aware,0.5,0.0,1.0,1.0,2
q01897,4,query_type_router,type_aware,1.0,1.0,1.0,1.0,1
q01898,4,query_type_router,type_aware,1.0,1.0,1.0,1.0,1
q01899,4,query_type_router,type_aware,1.0,1.0,1.0,1.0,1
q01900,4,query_type_router,type_aware,0.25,0.0,0.0,1.0,4
q01901,4,query_type_router,type_aware,1.0,1.0,1.0,1.0,1
q01902,4,query_type_router,type_aware,0.25,0.0,0.0,1.0,4
q01903,4,query_type_router,type_aware,0.5,0.0,1.0,1.0,2
q01904,4,query_type_router,type_aware,0.5,0.0,1.0,1.0,2
q01905,4,query_type_router,type_aware,1.0,1.0,1.0,1.0,1
q01906,4,query_type_router,type_aware,0.3333333333333333,0.0,1.0,1.0,3
q01907,4,query_type_router,type_aware,0.0053475935828877,0.0,0.0,0.0,187
q01908,4,query_type_router,type_aware,0.5,0.0,1.0,1.0,2
q01909,4,query_type_router,type_aware,0.3333333333333333,0.0,1.0,1.0,3
q01910,4,query_type_router,type_aware,1.0,1.0,1.0,1.0,1
q01911,4,query_type_router,type_aware,0.022727272727272728,0.0,0.0,0.0,44
q01912,4,query_type_router,type_aware,0.09090909090909091,0.0,0.0,0.0,11
q01913,4,query_type_router,type_aware,1.0,1.0,1.0,1.0,1
q01914,4,query_type_router,type_aware,1.0,1.0,1.0,1.0,1
q01915,4,query_type_router,type_aware,0.25,0.0,0.0,1.0,4
q01916,4,query_type_router,type_aware,0.027777777777777776,0.0,0.0,0.0,36
q01917,4,query_type_router,type_aware,1.0,1.0,1.0,1.0,1
q01919,4,query_type_router,type_aware,0.5,0.0,1.0,1.0,2
q01920,4,query_type_router,type_aware,0.14285714285714285,0.0,0.0,0.0,7
q01921,4,query_type_router,type_aware,1.0,1.0,1.0,1.0,1
q01922,4,query_type_router,type_aware,0.06666666666666667,0.0,0.0,0.0,15
q01923,4,query_type_router,type_aware,0.3333333333333333,0.0,1.0,1.0,3
q01924,4,query_type_router,type_aware,0.5,0.0,1.0,1.0,2
q01925,4,query_type_router,type_aware,1.0,1.0,1.0,1.0,1
q01926,4,query_type_router,type_aware,1.0,1.0,1.0,1.0,1
q01927,4,query_type_router,type_aware,0.01,0.0,0.0,0.0,100
q01928,4,query_type_router,type_aware,1.0,1.0,1.0,1.0,1
q01929,4,query_type_router,type_aware,1.0,1.0,1.0,1.0,1
q01930,4,query_type_router,type_aware,0.06666666666666667,0.0,0.0,0.0,15
q01931,4,query_type_router,type_aware,1.0,1.0,1.0,1.0,1
q01932,4,query_type_router,type_aware,0.043478260869565216,0.0,0.0,0.0,23
q01933,4,query_type_router,type_aware,1.0,1.0,1.0,1.0,1
q01934,4,query_type_router,type_aware,0.006535947712418301,0.0,0.0,0.0,153
q01935,4,query_type_router,type_aware,0.05555555555555555,0.0,0.0,0.0,18
q01936,4,query_type_router,type_aware,0.2,0.0,0.0,1.0,5
q01937,4,query_type_router,type_aware,0.07692307692307693,0.0,0.0,0.0,13
q01938,4,query_type_router,type_aware,1.0,1.0,1.0,1.0,1
q01939,4,query_type_router,type_aware,0.5,0.0,1.0,1.0,2
q01941,5,query_type_router,keyword,1.0,1.0,1.0,1.0,1
q01942,5,query_type_router,keyword,1.0,1.0,1.0,1.0,1
q01943,5,query_type_router,keyword,0.0032258064516129032,0.0,0.0,0.0,310
q01944,5,query_type_router,keyword,1.0,1.0,1.0,1.0,1
q01945,5,query_type_router,keyword,1.0,1.0,1.0,1.0,1
q01946,5,query_type_router,keyword,0.5,0.0,1.0,1.0,2
q01947,5,query_type_router,keyword,0.00040666937779585197,0.0,0.0,0.0,2459
q01948,5,query_type_router,keyword,1.0,1.0,1.0,1.0,1
q01949,5,query_type_router,keyword,0.25,0.0,0.0,1.0,4
q01950,5,query_type_router,keyword,1.0,1.0,1.0,1.0,1
q01951,5,query_type_router,keyword,0.14285714285714285,0.0,0.0,0.0,7
q01952,5,query_type_router,keyword,0.5,0.0,1.0,1.0,2
q01953,5,query_type_router,keyword,1.0,1.0,1.0,1.0,1
q01954,5,query_type_router,keyword,0.3333333333333333,0.0,1.0,1.0,3
q01955,5,query_type_router,keyword,0.016129032258064516,0.0,0.0,0.0,62
q01956,5,query_type_router,keyword,1.0,1.0,1.0,1.0,1
q01957,5,query_type_router,keyword,0.125,0.0,0.0,0.0,8
q01958,5,query_type_router,keyword,1.0,1.0,1.0,1.0,1
q01959,5,query_type_router,keyword,0.2,0.0,0.0,1.0,5
q01960,5,query_type_router,keyword,1.0,1.0,1.0,1.0,1
q01961,5,query_type_router,keyword,0.0015552099533437014,0.0,0.0,0.0,643
q01962,5,query_type_router,keyword,0.5,0.0,1.0,1.0,2
q01963,5,query_type_router,keyword,0.025,0.0,0.0,0.0,40
q01964,5,query_type_router,keyword,1.0,1.0,1.0,1.0,1
q01965,5,query_type_router,keyword,0.3333333333333333,0.0,1.0,1.0,3
q01966,5,query_type_router,keyword,0.3333333333333333,0.0,1.0,1.0,3
q01967,5,query_type_router,keyword,0.25,0.0,0.0,1.0,4
q01968,5,query_type_router,keyword,1.0,1.0,1.0,1.0,1
q01969,5,query_type_router,keyword,0.07142857142857142,0.0,0.0,0.0,14
q01970,5,query_type_router,keyword,1.0,1.0,1.0,1.0,1
q01971,5,query_type_router,keyword,0.14285714285714285,0.0,0.0,0.0,7
q01972,5,query_type_router,keyword,1.0,1.0,1.0,1.0,1
q01973,5,query_type_router,keyword,0.5,0.0,1.0,1.0,2
q01974,5,query_type_router,keyword,0.005494505494505495,0.0,0.0,0.0,182
q01975,5,query_type_router,keyword,0.0003996802557953637,0.0,0.0,0.0,2502
q01976,5,query_type_router,keyword,1.0,1.0,1.0,1.0,1
q01977,5,query_type_router,keyword,1.0,1.0,1.0,1.0,1
q01978,5,query_type_router,keyword,1.0,1.0,1.0,1.0,1
q01979,5,query_type_router,keyword,1.0,1.0,1.0,1.0,1
q01980,5,query_type_router,keyword,1.0,1.0,1.0,1.0,1
q01981,5,query_type_router,keyword,0.0015360983102918587,0.0,0.0,0.0,651
q01982,5,query_type_router,keyword,1.0,1.0,1.0,1.0,1
q01983,5,query_type_router,keyword,0.0003977724741447892,0.0,0.0,0.0,2514
q01984,5,query_type_router,keyword,0.0003972983710766786,0.0,0.0,0.0,2517
q01985,5,query_type_router,keyword,1.0,1.0,1.0,1.0,1
q01986,5,query_type_router,keyword,0.06666666666666667,0.0,0.0,0.0,15
